1a43_A_218S -11.780000000000001 -3.70 -3.70
1a5e_A_121R 2.1800000000000006 0.55 0.55
1a5e_A_37S -5.4 0.81 0.81
1a5e_A_15D -14.299999999999999 0.19 0.19
1aep_A_14K -5.399999999999999 -1.18 -1.18
1aep_A_141A 2.74 -1.03 -1.03
1aep_A_28A 4.220000000000003 0.48 0.48
1ag2_A_200K 0.6400000000000001 -0.23 -0.23
1ag2_A_175W 6.5200000000000005 -0.05 -0.05
1ag2_A_198S -3.5599999999999987 -2.15 -2.15
1ag2_A_129V -0.7800000000000001 -0.11 -0.11
1ag2_A_208H -0.8399999999999996 -1.05 -1.05
1ag2_A_190V 0.09999999999999987 0.19 0.19
1ag2_A_180I 0.23999999999999932 -0.25 -0.25
1ag2_A_210I -1.5399999999999983 -0.07 -0.07
1aj3_A_102G -2.1399999999999997 -2.60 -2.60
1aj3_A_54G -2.5 -1.10 -1.10
1aj3_A_58G -2.12 -1.10 -1.10
1aj3_A_17A 0.500000000000001 -0.20 -0.20
1aj3_A_68A 1.1199999999999997 -0.10 -0.10
1aj3_A_93G 0.39999999999999925 -0.30 -0.30
1aj3_A_25A -1.5999999999999988 0.10 0.10
1aj3_A_25G -4.499999999999999 -1.10 -1.10
1aj3_A_12A -7.459999999999999 -3.70 -3.70
1aj3_A_12L -4.499999999999998 -1.30 -1.30
1aj3_A_91A -9.84 -2.80 -2.80
1aj3_A_91L -3.5400000000000014 0.50 0.50
1aj3_A_10A 0.11999999999999988 0.50 0.50
1aj3_A_10G -1.3599999999999997 -0.50 -0.50
1aj3_A_49A 0.3800000000000003 -1.40 -1.40
1aj3_A_59A 2.3800000000000003 -2.30 -2.30
1aj3_A_23A -6.26 -3.60 -3.60
1aj3_A_23V -3.9799999999999986 -1.60 -1.60
1aj3_A_63V -0.6799999999999992 -0.60 -0.60
1aj3_A_84A -6.02 -2.00 -2.00
1aj3_A_47A -0.5199999999999999 0.40 0.40
1aj3_A_47G -0.4399999999999997 -0.50 -0.50
1aj3_A_72A -4.599999999999999 -0.10 -0.10
1aj3_A_96A -2.34 -0.40 -0.40
1aj3_A_45A -1.6199999999999999 -0.20 -0.20
1aj3_A_52A -4.96 -2.80 -2.80
1aj3_A_56A -3.5 -3.80 -3.80
1aj3_A_73A -1.2999999999999998 -2.40 -2.40
1aj3_A_88A -9.780000000000001 -2.80 -2.80
1aj3_A_16A -5.800000000000002 -2.20 -2.20
1aj3_A_44A -0.4199999999999996 0.20 0.20
1aj3_A_44G -0.8399999999999999 -0.40 -0.40
1aj3_A_100A 2.579999999999999 0.40 0.40
1aj3_A_64A 3.0199999999999987 -0.70 -0.70
1aj3_A_64G 0.31999999999999884 -1.80 -1.80
1aj3_A_86A 0.32000000000000034 0.00 0.00
1aj3_A_86G -2.059999999999999 -1.30 -1.30
1aj3_A_14A -6.119999999999999 -0.30 -0.30
1aj3_A_51A -3.3999999999999995 0.30 0.30
1aj3_A_51G -3.660000000000001 -0.60 -0.60
1aj3_A_21A -0.0999999999999992 0.50 0.50
1aj3_A_40A -0.41999999999999965 0.30 0.30
1aj3_A_30A -1.6600000000000006 -0.20 -0.20
1aj3_A_66A -3.700000000000001 -2.30 -2.30
1aj3_A_22F -10.160000000000002 -1.31 -1.31
1aj3_A_95F -7.3400000000000025 -2.10 -2.10
1aky_A_213F 4.739999999999999 -1.91 -1.91
1aky_A_169D -2.2600000000000007 -2.15 -2.15
1aky_A_48E -2.980000000000001 -0.96 -0.96
1aky_A_110H -0.8999999999999995 -2.13 -2.13
1aky_A_77H -1.280000000000001 -0.90 -0.90
1am7_A_48N -1.5599999999999996 -5.00 -5.00
1amq_A_191A -4.040000000000001 -1.12 -1.12
1amq_A_191R 2.619999999999997 -1.69 -1.69
1amq_A_191S -5.5200000000000005 -1.44 -1.44
1amq_A_191W 9.380000000000003 -2.25 -2.25
1amq_A_191Y 3.3999999999999995 -1.05 -1.05
1amq_A_192A -4.239999999999998 -1.21 -1.21
1amq_A_192S -5.840000000000003 -0.99 -0.99
1amq_A_270A -3.6799999999999993 -1.68 -1.68
1amq_A_401A -3.12 1.06 1.06
1amq_A_82S -5.5600000000000005 -2.44 -2.44
1ank_A_84H 1.3000000000000007 -1.40 -1.40
1ank_A_86L -1.6200000000000006 -0.80 -0.80
1ank_A_85V 3.72 -2.40 -2.40
1ank_A_88G -0.9799999999999995 -0.10 -0.10
1aon_U_3C 0.24000000000000044 -0.44 -0.44
1aon_U_3W 5.4799999999999995 -0.25 -0.25
1aon_U_48W 5.02 -0.20 -0.20
1aon_U_95C -0.7400000000000002 -0.25 -0.25
1aps_A_30G -3.5200000000000005 -1.65 -1.65
1aps_A_83D -0.4800000000000002 -1.51 -1.51
1aps_A_22L -0.9400000000000026 -1.29 -1.29
1aps_A_45A 3.6 -1.73 -1.73
1aps_A_75V 1.3799999999999981 -1.41 -1.41
1aps_A_86V 1.6399999999999997 -1.57 -1.57
1aps_A_78S -3.2599999999999993 -1.41 -1.41
1aps_A_17A -0.08000000000000024 -1.84 -1.84
1aps_A_20A -2.839999999999999 -0.28 -0.28
1aps_A_36A -1.6999999999999997 -2.54 -2.54
1aps_A_39A -2.74 -1.63 -1.63
1aps_A_47A -2.8 -1.87 -1.87
1aps_A_38F -3.119999999999999 -0.02 -0.02
1aps_A_64A -9.68 -1.50 -1.50
1aps_A_11F 3.020000000000002 1.04 1.04
1aps_A_11I -4.900000000000001 -2.24 -2.24
1aps_A_25A -8.179999999999998 0.10 0.10
1arr_A_20G -0.7800000000000019 -1.35 -1.35
1arr_A_17G 0.8799999999999997 -0.57 -0.57
1arr_A_27G -2.06 -0.43 -0.43
1arr_A_48G -2.22 -1.14 -1.14
1arr_A_24G -5.1000000000000005 -1.23 -1.23
1arr_A_46G -4.6 -0.73 -0.73
1arr_A_47G -2.880000000000001 -0.57 -0.57
1arr_A_19Q -3.800000000000001 -0.90 -0.90
1arr_A_34G 0.66 0.23 0.23
1arr_A_39G -2.3200000000000003 -0.65 -0.65
1arr_A_13G -0.62 0.27 0.27
1arr_A_23G -4.480000000000001 -1.04 -1.04
1azp_A_30I -0.5399999999999996 0.70 0.70
1b26_A_193A 5.300000000000001 0.38 0.38
1b8e_A_19Y -6.340000000000001 -3.45 -3.45
1blc_A_179N -1.4999999999999998 -0.44 -0.44
1bni_A_32C 1.2199999999999995 -1.42 -1.42
1bni_A_32D -2.54 -0.56 -0.56
1bni_A_32E -3.16 -0.24 -0.24
1bni_A_32F 1.899999999999999 -0.56 -0.56
1bni_A_32G -0.6800000000000008 -0.82 -0.82
1bni_A_32M 1.2599999999999998 -0.19 -0.19
1bni_A_32N -0.8600000000000005 -0.51 -0.51
1bni_A_32Q -1.2600000000000007 -0.43 -0.43
1bni_A_32R 1.1999999999999993 -0.15 -0.15
1bni_A_32S -1.2800000000000005 -0.28 -0.28
1bni_A_32T 0.6999999999999997 -0.64 -0.64
1bni_A_32V 1.3199999999999998 -0.62 -0.62
1bni_A_32W 3.76 -1.07 -1.07
1bni_A_32Y 2.5 -0.75 -0.75
1bni_A_12A 5.360000000000001 -0.09 -0.09
1bni_A_12G 2.94 -0.76 -0.76
1bni_A_12S 1.38 -0.77 -0.77
1bni_A_54A 2.7399999999999998 -3.04 -3.04
1bni_A_54N -0.7599999999999998 -2.42 -2.42
1bni_A_8A 3.560000000000001 -0.80 -0.80
1bni_A_8S 0.9200000000000002 -0.84 -0.84
1bni_A_93N -2.14 -4.03 -4.03
1bni_A_29A 2.999999999999999 -1.28 -1.28
1bni_A_29Q 0.21999999999999942 -0.11 -0.11
1bni_A_73A 2.9399999999999973 -2.40 -2.40
1bni_A_73F 8.120000000000001 -2.10 -2.10
1bni_A_73Q 0.9199999999999984 -2.70 -2.70
1bni_A_73W 16.280000000000005 -2.20 -2.20
1bni_A_7L 2.16 -4.35 -4.35
1bni_A_34A 3.7199999999999998 -2.91 -2.91
1bni_A_34D -4.440000000000001 -3.30 -3.30
1bni_A_34H -0.7199999999999995 -2.62 -2.62
1bni_A_34K 0.23999999999999966 -2.91 -2.91
1bni_A_34N -2.12 -2.72 -2.72
1bni_A_34S -2.2800000000000002 -3.05 -3.05
1bni_A_34T 0.7599999999999999 -3.28 -3.28
1bni_A_53A 3.379999999999999 -3.40 -3.40
1bni_A_65S -0.4800000000000004 0.74 0.74
1bni_A_18D -1.2599999999999996 -2.38 -2.38
1bni_A_18G -0.64 -0.65 -0.65
1bni_A_18K 1.0800000000000003 -1.05 -1.05
1bni_A_18Q 0.6599999999999995 -1.52 -1.52
1bni_A_18R 1.0999999999999992 -1.09 -1.09
1bni_A_18S -2.24 -2.19 -2.19
1bni_A_109V -1.8599999999999999 -0.80 -0.80
1bni_A_25A -3.2600000000000007 -3.59 -3.59
1bni_A_25V 0.7600000000000002 -1.05 -1.05
1bni_A_4A -0.2200000000000002 -1.11 -1.11
1bni_A_51A -0.9000000000000015 -4.71 -4.71
1bni_A_55A 0.26000000000000023 -1.29 -1.29
1bni_A_55V 0.5599999999999996 -0.37 -0.37
1bni_A_76A -1.2599999999999998 -1.71 -1.71
1bni_A_76T 0.26000000000000034 -2.64 -2.64
1bni_A_76V 0.92 -0.87 -0.87
1bni_A_88L 2.879999999999999 -0.16 -0.16
1bni_A_88V -0.07999999999999985 -1.41 -1.41
1bni_A_96A -5.32 -3.31 -3.31
1bni_A_96V 0.9600000000000005 -0.97 -0.97
1bni_A_19R 1.4599999999999995 0.54 0.54
1bni_A_27A -2.6400000000000006 0.44 0.44
1bni_A_27G -5.26 -0.30 -0.30
1bni_A_62R -0.7599999999999989 -0.35 -0.35
1bni_A_66A 0.0 0.59 0.59
1bni_A_14A -7.500000000000001 -4.51 -4.51
1bni_A_33Q -7.84 -1.34 -1.34
1bni_A_89V -2.6999999999999984 -0.30 -0.30
1bni_A_23A 4.54 -2.27 -2.27
1bni_A_41D -1.7999999999999998 -2.54 -2.54
1bni_A_58A 2.68 -2.27 -2.27
1bni_A_5A 7.199999999999999 -1.83 -1.83
1bni_A_77A 0.22000000000000008 -1.63 -1.63
1bni_A_84A 1.5199999999999996 -1.94 -1.94
1bni_A_104A -0.2999999999999998 -0.13 -0.13
1bni_A_31A 2.6399999999999997 -0.03 -0.03
1bni_A_31G 1.1199999999999999 -1.04 -1.04
1bni_A_31S -0.32000000000000106 0.00 0.00
1bni_A_110A -0.16000000000000064 -0.10 -0.10
1bni_A_59A -2.1999999999999993 0.64 0.64
1bni_A_69K 0.03999999999999959 -3.20 -3.20
1bni_A_69S -0.5800000000000004 -2.83 -2.83
1bni_A_83K -2.02 -4.43 -4.43
1bni_A_83Q -2.9800000000000004 -1.47 -1.47
1bni_A_28A 0.3600000000000002 0.50 0.50
1bni_A_57A 2.08 0.15 0.15
1bni_A_85A -1.7600000000000002 0.08 0.08
1bni_A_91A 3.939999999999999 -1.84 -1.84
1bni_A_92A 1.0399999999999987 -2.89 -2.89
1bni_A_105V 0.2200000000000002 -2.21 -2.21
1bni_A_16G -1.0000000000000002 -1.48 -1.48
1bni_A_16R 3.2 0.24 0.24
1bni_A_16S -1.2999999999999996 -1.66 -1.66
1bni_A_26A 0.3200000000000001 -1.95 -1.95
1bni_A_26D -2.96 -0.04 -0.04
1bni_A_26E -3.8199999999999994 -0.05 -0.05
1bni_A_26G -1.7199999999999995 -1.48 -1.48
1bni_A_26N -2.5199999999999996 -1.29 -1.29
1bni_A_26Q -1.64 -1.72 -1.72
1bni_A_26S -2.6000000000000005 -0.56 -0.56
1bni_A_26V 1.2199999999999998 -2.31 -2.31
1bni_A_6A 2.7399999999999993 -2.21 -2.21
1bni_A_6D -5.12 0.11 0.11
1bni_A_6E -6.039999999999999 -0.27 -0.27
1bni_A_6N -3.5199999999999996 -1.27 -1.27
1bni_A_6Q -1.3599999999999994 -1.87 -1.87
1bni_A_6S -3.5599999999999996 -0.22 -0.22
1bni_A_79V -0.5199999999999996 0.24 0.24
1bni_A_99V 2.540000000000001 -2.87 -2.87
1bni_A_10A -3.4399999999999986 -3.46 -3.46
1bni_A_36A 0.21999999999999953 -1.40 -1.40
1bni_A_36T 0.08000000000000007 -1.11 -1.11
1bni_A_94F -2.880000000000001 -1.04 -1.04
1bni_A_94L -4.999999999999999 -1.12 -1.12
1bni_A_94Y -3.2 -1.24 -1.24
1bni_A_103F -3.7600000000000007 -0.06 -0.06
1bni_A_17A -2.88 -2.12 -2.12
1bni_A_17F 0.10000000000000003 -0.44 -0.44
1bni_A_17S -4.859999999999999 -2.28 -2.28
1bni_A_24F -2.700000000000001 0.05 0.05
1bni_A_78F -3.1999999999999997 -1.35 -1.35
1boy_A_200W 10.899999999999999 0.60 0.60
1bta_A_40A -3.159999999999999 0.10 0.10
1bta_A_82A -1.1200000000000019 -0.10 -0.10
1bta_A_57K 0.5000000000000004 -0.70 -0.70
1bta_A_21A 0.08000000000000151 -1.04 -1.04
1bta_A_22Q -0.7600000000000003 -0.79 -0.79
1bta_A_60E -11.440000000000001 -1.17 -1.17
1bta_A_60L -5.0600000000000005 0.55 0.55
1bta_A_78Q -3.28 0.38 0.38
1bta_A_75L 6.5 0.75 0.75
1bta_A_75Q -1.8999999999999997 -0.37 -0.37
1bvc_A_130K -0.9999999999999998 -2.17 -2.17
1bvc_A_123K -9.400000000000002 -2.10 -2.10
1bvc_A_123T -7.12 -2.62 -2.62
1bvc_A_113Q -1.140000000000002 -0.26 -0.26
1bvc_A_119F 6.999999999999998 -0.68 -0.68
1bvc_A_36Q -0.12000000000000066 -0.83 -0.83
1bvc_A_93G -0.05999999999999894 0.04 0.04
1bvc_A_111A -7.520000000000003 -1.80 -1.80
1bvc_A_111L -0.4000000000000005 -0.60 -0.60
1bvc_A_142A -5.660000000000001 -1.10 -1.10
1bvc_A_142M -0.5999999999999992 0.90 0.90
1bvc_A_142V -1.4400000000000008 -0.10 -0.10
1bvc_A_28A -5.760000000000002 -0.86 -0.86
1bvc_A_28M 0.7599999999999973 -0.60 -0.60
1bvc_A_28V 0.759999999999999 0.00 0.00
1bvc_A_135I -5.460000000000001 -1.50 -1.50
1bvc_A_135M -1.5800000000000005 -0.80 -0.80
1bvc_A_135V -5.640000000000001 -2.20 -2.20
1bvc_A_29A -7.060000000000001 -0.63 -0.63
1bvc_A_29I -4.74 -1.10 -1.10
1bvc_A_29M -0.8799999999999997 0.10 0.10
1bvc_A_32A -6.700000000000002 -0.92 -0.92
1bvc_A_49I -1.0800000000000005 -0.80 -0.80
1bvc_A_69A -6.700000000000001 -1.20 -1.20
1bvc_A_69I -2.1600000000000006 0.00 0.00
1bvc_A_69V -0.200000000000001 -0.10 -0.10
1bvc_A_68T -7.84 -0.60 -0.60
1bvc_A_14F -7.56 -1.10 -1.10
1bvc_A_7F -5.14 -0.90 -0.90
1c9o_A_21A 1.92 -0.29 -0.29
1c9o_A_36K 0.0 -0.45 -0.45
1c9o_A_46A 1.399999999999999 0.01 0.01
1c9o_A_46K -2.54 -0.57 -0.57
1c9o_A_50K 3.120000000000001 -0.58 -0.58
1c9o_A_50W 12.680000000000001 0.07 0.07
1c9o_A_38W 3.82 0.24 0.24
1c9o_A_29E -5.0600000000000005 -0.61 -0.61
1c9o_A_66E -2.4799999999999995 -0.97 -0.97
1c9o_A_11S -0.5800000000000004 0.11 0.11
1c9o_A_55K -0.74 -0.03 -0.03
1c9o_A_53E -2.7000000000000006 -0.03 -0.03
1c9o_A_3E -2.92 -1.46 -1.46
1c9o_A_3K 0.4600000000000011 -0.19 -0.19
1c9o_A_3L 6.860000000000001 -0.11 -0.11
1c9o_A_56E -2.7399999999999998 0.69 0.69
1c9o_A_24D -2.8200000000000007 0.17 0.17
1c9o_A_31S -2.0000000000000004 0.10 0.10
1c9o_A_64T -1.7199999999999993 -0.30 -0.30
1c9o_A_15F 1.6799999999999984 -0.05 -0.05
1cah_A_206S -9.020000000000001 2.35 2.35
1cey_A_101G -2.4200000000000004 -0.95 -0.95
1cey_A_113G -2.660000000000002 -0.75 -0.75
1cey_A_48G -0.17999999999999963 0.06 0.06
1cey_A_74G 0.0 -0.31 -0.31
1cey_A_77G 0.13999999999999985 -0.31 -0.31
1cey_A_90G -1.46 0.35 0.35
1cey_A_99G -3.14 -0.48 -0.48
1cey_A_12A 9.14 2.50 2.50
1cey_A_13A 5.9 2.70 2.70
1cey_A_14N -1.1999999999999993 2.64 2.64
1chk_A_101F -8.1 -4.27 -4.27
1chk_A_28F -5.779999999999999 -4.43 -4.43
1cse_I_27A -3.0599999999999996 -0.16 -0.16
1cse_I_14A -2.8400000000000003 -1.04 -1.04
1cse_I_18A 6.106226635438361e-16 -1.20 -1.20
1cse_I_54A -6.1 -1.58 -1.58
1cse_I_62A -3.4399999999999986 -1.01 -1.01
1csp_A_46E -2.9799999999999995 -0.59 -0.59
1csp_A_46K 0.3000000000000005 1.41 1.41
1csp_A_25Q 2.2000000000000006 -0.79 -0.79
1csp_A_3K 4.519999999999999 2.75 2.75
1csp_A_3L 9.000000000000002 1.59 1.59
1csp_A_3Q 2.2199999999999998 1.14 1.14
1csp_A_3R 3.9799999999999995 1.77 1.77
1csp_A_43S -2.6399999999999992 0.29 0.29
1csp_A_50Q 1.6200000000000008 -1.16 -1.16
1csp_A_66L 2.420000000000001 1.60 1.60
1csp_A_17A -6.719999999999999 -1.47 -1.47
1csp_A_27A -7.579999999999998 -0.84 -0.84
1csp_A_1R 1.7208456881689926e-15 1.75 1.75
1csp_A_10D -2.5600000000000005 0.38 0.38
1csp_A_56Q -1.8 0.28 0.28
1csp_A_48E -5.1 0.04 0.04
1csp_A_48R 4.540000000000001 1.58 1.58
1cun_A_119G -3.1799999999999997 -1.75 -1.75
1cun_A_126G -2.5 -1.65 -1.65
1cun_A_156G -0.5399999999999994 -1.45 -1.45
1cun_A_173G -0.7 -1.95 -1.95
1cun_A_206G -2.4000000000000004 -2.25 -2.25
1cun_A_212G -0.4600000000000003 -1.45 -1.45
1cun_A_117L -0.6599999999999994 -2.55 -2.55
1cun_A_157L -1.68 -1.85 -1.85
1cun_A_198A 1.2999999999999998 0.45 0.45
1cun_A_164A -1.0999999999999994 -2.35 -2.35
1cun_A_128A -6.320000000000002 -1.65 -1.65
1cun_A_128V -2.7600000000000016 -2.85 -2.85
1cun_A_152A 1.3799999999999992 -0.15 -0.15
1cun_A_152G -1.7400000000000004 -1.45 -1.45
1cun_A_203A -8.200000000000001 -4.05 -4.05
1cun_A_214A -2.1200000000000006 -3.65 -3.65
1cun_A_193A -2.6599999999999997 -2.65 -2.65
1cun_A_115G -0.22000000000000025 -1.15 -1.15
1cun_A_201G 0.05999999999999983 -0.95 -0.95
1cun_A_163A 0.4199999999999996 0.15 0.15
1cun_A_163G 0.43999999999999967 -0.85 -0.85
1dkt_A_18A -2.4200000000000004 -0.81 -0.81
1dkt_A_11A -5.960000000000001 0.62 0.62
1dkt_A_58L -0.3199999999999994 -0.23 -0.23
1dkt_A_71A -0.72 -0.59 -0.59
1dkt_A_39A 1.6399999999999992 -0.60 -0.60
1dkt_A_9A 0.11999999999999955 -0.43 -0.43
1dkt_A_22A -6.1 -1.36 -1.36
1dkt_A_32A -6.439999999999999 -1.07 -1.07
1dkt_A_55G -4.64 -2.04 -2.04
1dkt_A_8A -4.9 -0.68 -0.68
1e65_A_82G -5.6800000000000015 -3.11 -3.11
1e65_A_117G 0.12000000000000027 -2.18 -2.18
1e65_A_46G -1.2999999999999985 -2.50 -2.50
1e65_A_20A -7.080000000000001 -1.56 -1.56
1e65_A_20T -9.16 -2.39 -2.39
1e65_A_20V -0.7800000000000014 -0.38 -0.38
1e65_A_81A -4.420000000000003 -2.39 -2.39
1e65_A_81T -5.320000000000002 -2.51 -2.51
1e65_A_81V -0.10000000000000142 -0.07 -0.07
1e65_A_125A -11.12 -0.72 -0.72
1e65_A_50T -16.379999999999995 -2.34 -2.34
1e65_A_50V -5.220000000000002 -0.36 -0.36
1e65_A_5A -3.0200000000000014 0.00 0.00
1e65_A_95T -3.9399999999999995 0.96 0.96
1ey0_A_102F 10.619999999999996 -1.71 -1.71
1ey0_A_102G 0.07999999999999974 -1.37 -1.37
1ey0_A_102V 7.839999999999998 -1.84 -1.84
1ey0_A_109G -1.2999999999999996 -0.98 -0.98
1ey0_A_112C 4.779999999999999 -0.75 -0.75
1ey0_A_112F 8.54 -1.35 -1.35
1ey0_A_112G 1.2000000000000002 0.20 0.20
1ey0_A_12G -0.3199999999999992 -2.37 -2.37
1ey0_A_12V 8.440000000000001 -0.89 -0.89
1ey0_A_130G 4.539999999999999 -1.00 -1.00
1ey0_A_130V 5.899999999999999 -1.08 -1.08
1ey0_A_132G 2.7799999999999994 -3.60 -3.60
1ey0_A_17G 0.32000000000000095 0.19 0.19
1ey0_A_58G 1.7799999999999991 -2.53 -2.53
1ey0_A_58V 7.44 -2.63 -2.63
1ey0_A_60C 5.3999999999999995 -1.12 -1.12
1ey0_A_60F 7.719999999999997 -0.80 -0.80
1ey0_A_60V 5.959999999999999 -2.68 -2.68
1ey0_A_69T 5.099999999999999 -3.03 -3.03
1ey0_A_69V 6.04 -2.80 -2.80
1ey0_A_90G -1.86 -1.92 -1.92
1ey0_A_90S -3.42 -2.24 -2.24
1ey0_A_94G -0.27999999999999947 -2.54 -2.54
1ey0_A_19A 8.720000000000002 -0.09 -0.09
1ey0_A_19N 5.800000000000001 0.07 0.07
1ey0_A_21A 10.46 0.83 0.83
1ey0_A_21G 8.580000000000002 0.46 0.46
1ey0_A_21K 9.079999999999998 1.10 1.10
1ey0_A_21N 6.779999999999999 1.43 1.43
1ey0_A_40A 10.139999999999997 0.41 0.41
1ey0_A_77A 7.08 -2.39 -2.39
1ey0_A_77K 5.58 -3.28 -3.28
1ey0_A_83A -0.29999999999999927 -3.76 -3.76
1ey0_A_95G 1.4200000000000002 -2.93 -2.93
1ey0_A_101A 9.52 -1.36 -1.36
1ey0_A_101F 15.079999999999998 -2.74 -2.74
1ey0_A_101G 5.8999999999999995 -2.47 -2.47
1ey0_A_10A 3.639999999999998 -1.34 -1.34
1ey0_A_10G 1.2199999999999995 -1.86 -1.86
1ey0_A_10K 2.420000000000001 -1.98 -1.98
1ey0_A_10Q 2.879999999999999 -0.97 -0.97
1ey0_A_122F 8.900000000000002 -0.44 -0.44
1ey0_A_122G 1.2200000000000004 -1.99 -1.99
1ey0_A_122K 0.9799999999999993 -2.53 -2.53
1ey0_A_122Q 2.5200000000000005 -1.52 -1.52
1ey0_A_129A 2.6799999999999997 -2.20 -2.20
1ey0_A_129F 7.719999999999999 -3.88 -3.88
1ey0_A_129G -0.23999999999999866 -3.72 -3.72
1ey0_A_135A -0.39999999999999925 -0.73 -0.73
1ey0_A_135F 2.3599999999999994 -1.10 -1.10
1ey0_A_135G -1.0600000000000007 -1.64 -1.64
1ey0_A_135Q 0.3800000000000002 -0.71 -0.71
1ey0_A_43A 7.059999999999999 0.32 0.32
1ey0_A_43D 5.7 0.20 0.20
1ey0_A_43G 7.34 0.59 0.59
1ey0_A_52A 4.58 -0.05 -0.05
1ey0_A_52G 4.579999999999999 -0.27 -0.27
1ey0_A_57A 10.9 -0.10 -0.10
1ey0_A_57C 12.560000000000002 -0.64 -0.64
1ey0_A_57F 14.239999999999998 -0.79 -0.79
1ey0_A_57G 8.7 -1.41 -1.41
1ey0_A_57Q 7.419999999999999 -0.14 -0.14
1ey0_A_67F 9.739999999999998 -1.33 -1.33
1ey0_A_67Q 3.6799999999999997 -0.57 -0.57
1ey0_A_73G 3.8 -2.76 -2.76
1ey0_A_75A 8.639999999999999 -1.69 -1.69
1ey0_A_75G 5.3999999999999995 -3.43 -3.43
1ey0_A_75Q 6.56 -0.61 -0.61
1ey0_A_75V 12.400000000000002 -2.31 -2.31
1ey0_A_34A -6.340000000000002 -3.80 -3.80
1ey0_A_61A -2.4399999999999986 -2.34 -2.34
1ey0_A_61G -4.7399999999999975 -4.76 -4.76
1ey0_A_76A -3.5600000000000014 -4.10 -4.10
1ey0_A_107A 9.740000000000002 -4.41 -4.41
1ey0_A_20A 7.019999999999999 -0.12 -0.12
1ey0_A_29A 4.78 -1.41 -1.41
1ey0_A_29C 5.859999999999999 -1.26 -1.26
1ey0_A_29F 7.979999999999999 -1.46 -1.46
1ey0_A_29V 5.959999999999999 -3.11 -3.11
1ey0_A_50A 4.88 0.16 0.16
1ey0_A_50F 7.16 -0.55 -0.55
1ey0_A_50V 5.9399999999999995 -1.00 -1.00
1ey0_A_55A 5.06 -0.44 -0.44
1ey0_A_55V 6.58 -1.48 -1.48
1ey0_A_79A 2.74 -2.17 -2.17
1ey0_A_79D 7.480000000000001 -2.28 -2.28
1ey0_A_79S 3.8 -2.14 -2.14
1ey0_A_86V 4.2399999999999975 -3.74 -3.74
1ey0_A_88A 6.8999999999999995 0.19 0.19
1ey0_A_88V 9.1 -0.24 -0.24
1ey0_A_88W 20.439999999999998 -0.10 -0.10
1ey0_A_96A 4.9799999999999995 -1.80 -1.80
1ey0_A_96F 7.420000000000001 -2.55 -2.55
1ey0_A_96V 5.22 -3.74 -3.74
1ey0_A_121A 2.3400000000000007 -2.92 -2.92
1ey0_A_121G 0.039999999999999925 -4.09 -4.09
1ey0_A_124A 2.1800000000000015 0.57 0.57
1ey0_A_124E 4.420000000000001 0.46 0.46
1ey0_A_124G 1.5600000000000007 -0.52 -0.52
1ey0_A_124L 3.1400000000000015 1.31 1.31
1ey0_A_124Q 3.4600000000000013 0.69 0.69
1ey0_A_46A 2.76 -0.45 -0.45
1ey0_A_46G 4.5 -0.17 -0.17
1ey0_A_46Y 9.68 0.00 0.00
1ey0_A_8G 2.08 -0.85 -0.85
1ey0_A_139A 2.7399999999999993 -3.29 -3.29
1ey0_A_139G 1.9000000000000008 -4.22 -4.22
1ey0_A_139M 5.68 -0.39 -0.39
1ey0_A_139V 5.84 -1.37 -1.37
1ey0_A_15A 0.5000000000000016 -2.73 -2.73
1ey0_A_15G -2.179999999999999 -3.43 -3.43
1ey0_A_15M 2.700000000000001 -0.15 -0.15
1ey0_A_18A 4.8 -2.65 -2.65
1ey0_A_18G 4.8 -2.63 -2.63
1ey0_A_18L 5.019999999999999 -0.14 -0.14
1ey0_A_18M 3.7199999999999998 -0.68 -0.68
1ey0_A_18V 5.019999999999999 -0.96 -0.96
1ey0_A_72L 4.479999999999998 -0.23 -0.23
1ey0_A_72M 3.5799999999999983 -1.88 -1.88
1ey0_A_72V 5.039999999999998 -1.79 -1.79
1ey0_A_92A -5.3199999999999985 -4.12 -4.12
1ey0_A_92L 6.339999999999998 -0.60 -0.60
1ey0_A_92V 1.9599999999999982 -0.46 -0.46
1ey0_A_110A 7.3199999999999985 -1.13 -1.13
1ey0_A_116A 3.0200000000000005 0.69 0.69
1ey0_A_116G 2.7 1.05 1.05
1ey0_A_127A 0.6200000000000004 0.24 0.24
1ey0_A_127E 1.0600000000000005 0.13 0.13
1ey0_A_127G -0.47999999999999987 -0.79 -0.79
1ey0_A_133F 3.64 -1.26 -1.26
1ey0_A_133G 0.28000000000000125 -3.22 -3.22
1ey0_A_133Q 1.680000000000002 -0.44 -0.44
1ey0_A_134A 0.5800000000000003 0.12 0.12
1ey0_A_134G 0.04000000000000159 -0.79 -0.79
1ey0_A_136A 2.8199999999999985 -0.75 -0.75
1ey0_A_136F 5.699999999999999 -0.97 -0.97
1ey0_A_136G 1.7599999999999998 -0.02 -0.02
1ey0_A_16A 9.82 -0.06 -0.06
1ey0_A_16F 11.960000000000004 -0.38 -0.38
1ey0_A_16G 5.54 -0.76 -0.76
1ey0_A_24A 13.559999999999999 -0.34 -0.34
1ey0_A_24F 21.420000000000005 -0.40 -0.40
1ey0_A_28A 2.42 -0.70 -0.70
1ey0_A_28E 0.7 -0.79 -0.79
1ey0_A_28F 3.960000000000001 -0.85 -0.85
1ey0_A_28G 1.9399999999999997 -0.80 -0.80
1ey0_A_28Q 1.5199999999999994 -0.28 -0.28
1ey0_A_45A 0.6199999999999994 0.19 0.19
1ey0_A_45G 1.2400000000000004 0.20 0.20
1ey0_A_48A 5.14 0.09 0.09
1ey0_A_48E 6.52 0.10 0.10
1ey0_A_48F 6.359999999999999 -0.25 -0.25
1ey0_A_48G 5.76 0.24 0.24
1ey0_A_48Q 5.7 -0.02 -0.02
1ey0_A_49A 3.62 -0.25 -0.25
1ey0_A_49F 5.6000000000000005 0.20 0.20
1ey0_A_53A 3.64 -0.17 -0.17
1ey0_A_53G 2.0199999999999996 -0.08 -0.08
1ey0_A_63A 6.039999999999997 -0.32 -0.32
1ey0_A_63E 1.099999999999999 -1.47 -1.47
1ey0_A_63G 3.119999999999999 -1.57 -1.57
1ey0_A_63Q 3.299999999999999 -0.89 -0.89
1ey0_A_64F 8.739999999999998 -0.09 -0.09
1ey0_A_64G 2.999999999999999 -0.51 -0.51
1ey0_A_64Q 4.439999999999999 0.00 0.00
1ey0_A_6A 5.44 0.19 0.19
1ey0_A_6G 4.38 0.25 0.25
1ey0_A_70A 3.8200000000000003 -0.16 -0.16
1ey0_A_70C 3.6599999999999993 -0.48 -0.48
1ey0_A_70E 3.54 -0.30 -0.30
1ey0_A_71A 2.5200000000000005 -0.55 -0.55
1ey0_A_71F 4.099999999999999 0.04 0.04
1ey0_A_71G 0.8200000000000007 -1.31 -1.31
1ey0_A_78A 2.78 -0.50 -0.50
1ey0_A_78F 4.64 0.05 0.05
1ey0_A_78G 1.9400000000000004 -1.07 -1.07
1ey0_A_78Q 2.1599999999999997 -0.15 -0.15
1ey0_A_84A 2.1000000000000005 0.10 0.10
1ey0_A_84E 0.9000000000000008 0.00 0.00
1ey0_A_84F 2.1400000000000006 -0.75 -0.75
1ey0_A_84G 2.4800000000000013 -0.39 -0.39
1ey0_A_84Q 2.0600000000000005 -0.15 -0.15
1ey0_A_97E -0.4799999999999993 -0.47 -0.47
1ey0_A_97F 11.020000000000001 -0.58 -0.58
1ey0_A_97G 3.7399999999999993 -1.85 -1.85
1ey0_A_97Q 2.66 -0.30 -0.30
1ey0_A_9F 2.26 -1.03 -1.03
1ey0_A_103I 0.060000000000000386 -1.11 -1.11
1ey0_A_103V 1.2399999999999989 -2.05 -2.05
1ey0_A_108I 1.5399999999999974 -3.34 -3.34
1ey0_A_108V 1.2799999999999996 -3.81 -3.81
1ey0_A_125A -4.919999999999999 -4.78 -4.78
1ey0_A_125I 0.9800000000000029 -0.96 -0.96
1ey0_A_137G 2.08 -4.43 -4.43
1ey0_A_137V 3.6599999999999993 -1.42 -1.42
1ey0_A_14A -2.66 -2.38 -2.38
1ey0_A_14G -6.700000000000003 -3.84 -3.84
1ey0_A_14I 1.3399999999999996 -1.60 -1.60
1ey0_A_14V 1.48 -1.63 -1.63
1ey0_A_25A -7.340000000000002 -2.77 -2.77
1ey0_A_25G -12.720000000000002 -4.58 -4.58
1ey0_A_25I 1.2999999999999985 -1.83 -1.83
1ey0_A_25V -1.0800000000000007 -1.85 -1.85
1ey0_A_36A -3.559999999999998 -3.66 -3.66
1ey0_A_36I 2.4600000000000017 -3.09 -3.09
1ey0_A_36V 2.5599999999999996 -3.58 -3.58
1ey0_A_37G -4.1 -3.79 -3.79
1ey0_A_37I 2.8400000000000016 -1.82 -1.82
1ey0_A_37V 4.679999999999999 -2.78 -2.78
1ey0_A_38G -3.8599999999999985 -0.28 -0.28
1ey0_A_38I 3.660000000000003 -2.06 -2.06
1ey0_A_38V 6.9799999999999995 -0.14 -0.14
1ey0_A_7A 3.76 -1.35 -1.35
1ey0_A_7G 3.0599999999999987 -1.26 -1.26
1ey0_A_7I 2.62 -0.77 -0.77
1ey0_A_89A 1.6799999999999995 -2.60 -2.60
1ey0_A_89F 5.5200000000000005 -1.20 -1.20
1ey0_A_89I 2.579999999999999 -1.04 -1.04
1ey0_A_89V 5.659999999999999 -1.42 -1.42
1ey0_A_26I 3.320000000000001 -0.84 -0.84
1ey0_A_26L 5.18 -0.31 -0.31
1ey0_A_32A -2.2600000000000016 -1.81 -1.81
1ey0_A_32G -5.780000000000001 -2.54 -2.54
1ey0_A_32I 0.2999999999999995 -0.56 -0.56
1ey0_A_32L 2.1999999999999993 -0.76 -0.76
1ey0_A_65A 1.3399999999999996 -2.06 -2.06
1ey0_A_65G -1.660000000000001 -4.66 -4.66
1ey0_A_65L 5.72 -0.73 -0.73
1ey0_A_98G -3.7200000000000015 -4.44 -4.44
1ey0_A_98I 1.1399999999999997 -4.39 -4.39
1ey0_A_98L 1.7799999999999998 -2.30 -2.30
1ey0_A_100G 10.36 -4.98 -4.98
1ey0_A_118A 7.620000000000002 -1.88 -1.88
1ey0_A_118D 4.599999999999999 -2.34 -2.34
1ey0_A_118G 5.66 -1.61 -1.61
1ey0_A_119G 2.9999999999999996 -0.97 -0.97
1ey0_A_138A 8.98 -0.97 -0.97
1ey0_A_138G 6.179999999999999 0.59 0.59
1ey0_A_68A 4.039999999999999 -0.38 -0.38
1ey0_A_68G 2.88 -0.35 -0.35
1ey0_A_106A 8.740000000000002 0.25 0.25
1ey0_A_106G 4.279999999999999 -1.50 -1.50
1ey0_A_123A 2.9800000000000013 -0.10 -0.10
1ey0_A_123F 6.140000000000002 -0.51 -0.51
1ey0_A_131A 1.2200000000000002 -0.10 -0.10
1ey0_A_131G 1.1800000000000008 -2.26 -2.26
1ey0_A_30A 5.419999999999999 -0.25 -0.25
1ey0_A_30G 3.5999999999999996 -0.93 -0.93
1ey0_A_80F 4.38 -0.58 -0.58
1ey0_A_105A 4.619999999999999 -1.32 -1.32
1ey0_A_105C 6.160000000000001 -2.55 -2.55
1ey0_A_105G 1.4199999999999997 -2.40 -2.40
1ey0_A_126A 2.6000000000000005 -1.64 -1.64
1ey0_A_126G 0.40000000000000013 -2.86 -2.86
1ey0_A_35A 3.7399999999999993 -1.38 -1.38
1ey0_A_35G 0.9199999999999992 -2.26 -2.26
1ey0_A_81A 0.0800000000000003 -1.10 -1.10
1ey0_A_81G -0.5999999999999998 -2.06 -2.06
1ey0_A_128A 6.239999999999999 0.83 0.83
1ey0_A_128G 4.160000000000002 -1.52 -1.52
1ey0_A_141A 7.92 -0.27 -0.27
1ey0_A_141G 5.6000000000000005 -0.82 -0.82
1ey0_A_59F 11.060000000000002 0.56 0.56
1ey0_A_120A 2.2600000000000016 -1.08 -1.08
1ey0_A_120I 1.3 -1.54 -1.54
1ey0_A_120S 1.5 -0.57 -0.57
1ey0_A_120V 1.8600000000000008 -1.63 -1.63
1ey0_A_13A 7.48 -0.73 -0.73
1ey0_A_13I 11.220000000000002 -0.05 -0.05
1ey0_A_13V 11.740000000000002 -0.26 -0.26
1ey0_A_22A 4.919999999999999 -1.69 -1.69
1ey0_A_22C 4.519999999999999 -0.95 -0.95
1ey0_A_22G 2.54 -2.54 -2.54
1ey0_A_22I 5.12 -0.61 -0.61
1ey0_A_22S 1.66 -0.74 -0.74
1ey0_A_33A 4.66 -1.52 -1.52
1ey0_A_33G 3.84 -2.62 -2.62
1ey0_A_41C 4.519999999999999 0.74 0.74
1ey0_A_41G 1.1599999999999997 -1.79 -1.79
1ey0_A_41S 1.6800000000000004 -0.88 -0.88
1ey0_A_41V 5.740000000000001 0.90 0.90
1ey0_A_44C 3.88 -0.04 -0.04
1ey0_A_44G 2.06 -0.37 -0.37
1ey0_A_44I 1.7000000000000004 -0.56 -0.56
1ey0_A_44V 1.7400000000000009 0.09 0.09
1ey0_A_62C 9.86 -1.05 -1.05
1ey0_A_62G 2.3999999999999995 -3.52 -3.52
1ey0_A_62I 11.239999999999998 -1.17 -1.17
1ey0_A_62S -0.5600000000000003 -2.15 -2.15
1ey0_A_62V 11.679999999999996 0.10 0.10
1ey0_A_82C 3.8 -0.19 -0.19
1ey0_A_82G 2.8599999999999994 -2.03 -2.03
1ey0_A_82I 2.5199999999999996 0.51 0.51
1ey0_A_82S 2.1599999999999993 -0.75 -0.75
1ey0_A_82V 3.999999999999999 0.24 0.24
1ey0_A_104A -1.6599999999999988 -2.82 -2.82
1ey0_A_104I 2.72 0.27 0.27
1ey0_A_104L 4.760000000000002 -0.76 -0.76
1ey0_A_104S -6.52 -4.86 -4.86
1ey0_A_104T -1.6799999999999966 -2.45 -2.45
1ey0_A_111G -3.459999999999998 -4.82 -4.82
1ey0_A_111I 4.240000000000002 -0.74 -0.74
1ey0_A_111L 5.500000000000001 -0.88 -0.88
1ey0_A_111S -5.8199999999999985 -4.71 -4.71
1ey0_A_111T -1.679999999999999 -2.36 -2.36
1ey0_A_114I 2.3000000000000016 -0.15 -0.15
1ey0_A_114S 0.42 -0.04 -0.04
1ey0_A_23F 9.799999999999999 -1.93 -1.93
1ey0_A_23I 6.9399999999999995 0.03 0.03
1ey0_A_23S -6.66 -4.76 -4.76
1ey0_A_39A -2.1199999999999974 -2.16 -2.16
1ey0_A_39I 3.7200000000000024 0.11 0.11
1ey0_A_39L 5.020000000000001 -0.90 -0.90
1ey0_A_39S -8.479999999999999 -2.44 -2.44
1ey0_A_39T -4.039999999999998 -1.55 -1.55
1ey0_A_51A 4.0200000000000005 -0.05 -0.05
1ey0_A_51G 4.4799999999999995 -0.17 -0.17
1ey0_A_51I 3.5999999999999996 0.09 0.09
1ey0_A_51L 4.08 -0.10 -0.10
1ey0_A_51S 5.14 0.01 0.01
1ey0_A_51T 6.4799999999999995 0.20 0.20
1ey0_A_66A -4.019999999999999 -2.34 -2.34
1ey0_A_66G -7.840000000000002 -4.49 -4.49
1ey0_A_66I 3.579999999999999 -0.76 -0.76
1ey0_A_66K -8.32 -4.83 -4.83
1ey0_A_66L 7.54 0.37 0.37
1ey0_A_66M 3.579999999999999 -0.14 -0.14
1ey0_A_66S -8.779999999999998 -3.09 -3.09
1ey0_A_66T -5.24 -1.34 -1.34
1ey0_A_66W 9.28 -2.69 -2.69
1ey0_A_74A -1.32 -3.23 -3.23
1ey0_A_74I 3.7799999999999985 -1.91 -1.91
1ey0_A_74T -2.3400000000000016 -3.88 -3.88
1ey0_A_99A -1.2799999999999991 -3.35 -3.35
1ey0_A_99I 4.160000000000001 -0.14 -0.14
1ey0_A_99L 7.58 -0.15 -0.15
1ey0_A_99T -3.7399999999999984 -3.36 -3.36
1ey0_A_113A 3.8400000000000007 0.06 0.06
1ey0_A_113F 5.58 0.07 0.07
1ey0_A_113L 5.8 0.20 0.20
1ey0_A_115A 1.2000000000000006 -0.25 -0.25
1ey0_A_115F 2.960000000000001 -0.02 -0.02
1ey0_A_115G 1.020000000000001 -0.56 -0.56
1ey0_A_115L 2.5200000000000014 -0.22 -0.22
1ey0_A_27A -3.660000000000001 -3.63 -3.63
1ey0_A_27C 0.3400000000000003 -2.72 -2.72
1ey0_A_27F 4.779999999999999 -0.40 -0.40
1ey0_A_27I 1.2199999999999989 -2.28 -2.28
1ey0_A_27K -7.040000000000004 -3.78 -3.78
1ey0_A_27M 1.0199999999999978 -1.94 -1.94
1ey0_A_27N -9.520000000000001 -3.83 -3.83
1ey0_A_27Q -6.36 -3.31 -3.31
1ey0_A_27R -8.02 -3.05 -3.05
1ey0_A_27S -9.72 -3.21 -3.21
1ey0_A_27T -5.340000000000001 -3.18 -3.18
1ey0_A_27V 1.2599999999999982 -2.65 -2.65
1ey0_A_27W 9.46 -0.72 -0.72
1ey0_A_54A -1.1800000000000006 -1.97 -1.97
1ey0_A_54F 1.1199999999999997 -0.38 -0.38
1ey0_A_54L 0.28000000000000047 -3.31 -3.31
1ey0_A_85F 0.960000000000001 -0.07 -0.07
1ey0_A_85G 2.0600000000000005 -1.05 -1.05
1ey0_A_91F 7.360000000000004 -2.27 -2.27
1ey0_A_93F 1.0400000000000007 -1.81 -1.81
1ey0_A_93L 0.6600000000000001 -4.53 -4.53
1fkj_A_60A 8.7 -1.71 -1.71
1fkj_A_60G 5.059999999999999 -2.62 -2.62
1fkj_A_61A 4.419999999999998 -0.73 -0.73
1fkj_A_61G 2.9399999999999995 -2.20 -2.20
1fkj_A_36A -7.8 -3.07 -3.07
1fkj_A_56A -6.400000000000001 -2.04 -2.04
1fkj_A_56D -9.980000000000002 -2.88 -2.88
1fkj_A_56T -6.46 -1.95 -1.95
1fkj_A_7V 1.6599999999999997 -0.90 -0.90
1fkj_A_91A -4.34 -1.33 -1.33
1fkj_A_91V 1.4000000000000006 -0.10 -0.10
1fkj_A_106A -5.999999999999999 -2.08 -2.08
1fkj_A_50A -6.92 -2.22 -2.22
1fkj_A_57A -2.34 -0.55 -0.55
1fkj_A_57G -4.36 -1.89 -1.89
1fkj_A_21A 1.5200000000000005 -1.24 -1.24
1fkj_A_21S -3.1399999999999997 -1.06 -1.06
1fkj_A_21V 4.46 0.56 0.56
1fkj_A_27A -0.619999999999999 -1.71 -1.71
1fkj_A_27S -2.7199999999999998 -1.07 -1.07
1fkj_A_75V 4.560000000000002 -0.70 -0.70
1fkj_A_23A -3.3199999999999985 -2.62 -2.62
1fkj_A_2A -1.4400000000000008 -2.18 -2.18
1fkj_A_4A -2.2800000000000002 -2.26 -2.26
1fkj_A_55A -3.4800000000000018 -1.78 -1.78
1fkj_A_63A -8.619999999999994 -2.56 -2.56
1fkj_A_98A -2.599999999999999 -1.99 -1.99
1fkj_A_59F -6.1800000000000015 2.72 2.72
1fna_A_13G -3.9400000000000004 -1.18 -1.18
1fna_A_57G -6.94 -2.49 -2.49
1fna_A_74G -2.119999999999999 -1.56 -1.56
1fna_A_48A -5.680000000000002 -1.98 -1.98
1fna_A_20A -9.799999999999997 -0.65 -0.65
1fna_A_34A -8.46 -4.86 -4.86
1fna_A_34V -0.2400000000000007 -0.11 -0.11
1fna_A_59A -5.12 -3.33 -3.33
1fna_A_59V 0.059999999999999054 -0.72 -0.72
1fna_A_70A -9.08 -4.11 -4.11
1fna_A_70V -2.56 -1.28 -1.28
1fna_A_88A -1.2000000000000002 -0.67 -0.67
1fna_A_88V 0.72 -0.33 -0.33
1fna_A_90V -1.8199999999999994 -0.40 -0.40
1fna_A_18A -7.140000000000001 -0.99 -0.99
1fna_A_62A -4.38 -2.88 -2.88
1fna_A_8A -6.880000000000002 -1.81 -1.81
1fna_A_85A 2.58 0.13 0.13
1fna_A_10A -7.160000000000001 -1.17 -1.17
1fna_A_29A -2.5400000000000005 -1.37 -1.37
1fna_A_66A 0.8 -0.91 -0.91
1fna_A_72A -6.380000000000002 -3.17 -3.17
1fna_A_32L 1.2199999999999993 -2.74 -2.74
1fna_A_68A -5.740000000000002 -1.88 -1.88
1fna_A_68F -1.1400000000000006 -2.14 -2.14
1fna_A_92A -3.5200000000000022 -1.11 -1.11
1fna_A_92F 1.659999999999998 0.13 0.13
1ftg_A_84G -9.0 -1.90 -1.90
1ftg_A_126K 2.8400000000000003 0.81 0.81
1ftg_A_65K 7.540000000000001 -0.10 -0.10
1ftg_A_75K 6.88 1.03 1.03
1ftg_A_20K 4.38 1.16 1.16
1ftg_A_40K 5.040000000000002 1.61 1.61
1ftg_A_61K 4.98 0.51 0.51
1ftg_A_72K 7.399999999999999 1.41 1.41
1ftg_A_104V 0.32000000000000006 -0.57 -0.57
1ftg_A_156V -2.660000000000002 -3.16 -3.16
1ftg_A_22A -7.8599999999999985 -1.70 -1.70
1ftg_A_22V 0.899999999999998 -1.66 -1.66
1ftg_A_143A -6.859999999999999 -0.17 -0.17
1ftg_A_6A -8.440000000000001 -3.11 -3.11
1ftg_A_97A 1.1799999999999995 -0.58 -0.58
1ftg_A_99A 4.540000000000001 1.59 1.59
1ftg_A_110A 1.8800000000000003 -0.73 -0.73
1ftg_A_71A 1.3199999999999996 -0.44 -0.44
1ftg_A_139A -4.120000000000002 -1.09 -1.09
1ftg_A_31A -5.179999999999998 -1.85 -1.85
1fvk_A_30S -12.819999999999997 -1.79 -1.79
1fvk_A_32L 4.660000000000001 5.30 5.30
1fvk_A_32S -3.919999999999998 5.20 5.20
1fvk_A_32Y 3.120000000000001 6.80 6.80
1g4i_A_106A -9.46 -1.23 -1.23
1g4i_A_106I -2.820000000000002 0.95 0.95
1g4i_A_106Y -5.84 0.07 0.07
1g4i_A_22A -6.82 0.25 0.25
1g4i_A_22I -5.059999999999999 1.43 1.43
1g4i_A_22Y -0.9199999999999993 0.83 0.83
1g4i_A_48A -1.8399999999999987 -1.93 -1.93
1g6n_A_128A 2.96 -0.26 -0.26
1h7m_A_2A 6.920000000000003 -0.53 -0.53
1h7m_A_44A -0.2400000000000001 0.05 0.05
1h7m_A_48A 3.7599999999999993 0.36 0.36
1h7m_A_87A 6.02 -1.36 -1.36
1h7m_A_47A 1.279999999999999 -0.05 -0.05
1h7m_A_62A 1.8399999999999994 -1.29 -1.29
1h7m_A_64A 0.059999999999999276 -0.26 -0.26
1h7m_A_90A -3.18 -0.41 -0.41
1h7m_A_78A 0.2999999999999992 -0.50 -0.50
1h7m_A_15A 3.4199999999999964 -0.91 -0.91
1h7m_A_22A 3.3399999999999985 0.43 0.43
1h7m_A_28A 0.8999999999999982 -1.20 -1.20
1h7m_A_33A 7.519999999999996 0.12 0.12
1h7m_A_46A -6.659999999999999 -1.10 -1.10
1h7m_A_9A -3.9399999999999986 -0.29 -0.29
1h7m_A_21A 1.9199999999999986 0.07 0.07
1h7m_A_39A -0.7200000000000005 -0.07 -0.07
1h7m_A_42A -0.3400000000000004 0.33 0.33
1h7m_A_76A 2.7199999999999984 0.19 0.19
1h7m_A_8A -0.11999999999999877 -0.77 -0.77
1h7m_A_92A 0.37999999999999934 -0.31 -0.31
1hfz_A_106S -4.420000000000001 -1.05 -1.05
1hfz_A_107W 12.360000000000003 -1.72 -1.72
1hfz_A_32Y 3.1599999999999993 0.07 0.07
1hfz_A_59W 5.779999999999999 -0.93 -0.93
1hfz_A_114E -6.1 -0.65 -0.65
1hfz_A_114N -4.02 2.66 2.66
1hfz_A_114Q -4.719999999999999 -0.60 -0.60
1hfz_A_110E -6.340000000000001 -0.19 -0.19
1hfz_A_110R -5.5600000000000005 0.43 0.43
1hfz_A_117A 0.4200000000000002 -0.96 -0.96
1hfz_A_54A 3.679999999999998 -0.41 -0.41
1hfz_A_42A -0.72 -0.93 -0.93
1hfz_A_42G -1.86 -1.15 -1.15
1hfz_A_42N -0.8999999999999992 -0.24 -0.24
1hfz_A_118H -15.059999999999999 -0.60 -0.60
1hfz_A_103A -4.020000000000001 -2.39 -2.39
1hk0_X_56A -9.479999999999999 -1.20 -1.20
1hk0_X_145A -4.260000000000001 -2.60 -2.60
1hk0_X_147A -6.4799999999999995 -1.10 -1.10
1hk0_X_143A 4.18 -0.40 -0.40
1hk0_X_54A 4.579999999999998 0.50 0.50
1hme_A_35H -0.6000000000000003 -0.33 -0.33
1hme_A_34H -2.4800000000000013 -0.95 -0.95
1hme_A_33H 0.5999999999999996 -1.85 -1.85
1hmk_A_30I 5.28 1.47 1.47
1hmk_A_30T -4.620000000000001 0.48 0.48
1hmk_A_87N 2.8400000000000016 -1.14 -1.14
1hmk_A_55V 0.9599999999999969 -2.72 -2.72
1hmk_A_95V -0.820000000000002 -1.72 -1.72
1hmk_A_93A 2.5799999999999996 -1.72 -1.72
1hmk_A_105A -4.34 -0.28 -0.28
1hmk_A_110A -4.52 -0.35 -0.35
1hmk_A_12A -11.34 -2.73 -2.73
1hmk_A_52A -6.860000000000002 -3.22 -3.22
1hmk_A_29I 9.52 3.55 3.55
1hmk_A_29V 9.840000000000002 2.26 2.26
1hmk_A_33I 4.399999999999999 -0.64 -0.64
1hmk_A_38A 0.7399999999999992 -1.30 -1.30
1hmk_A_8A -6.14 -0.83 -0.83
1hmk_A_104F -3.160000000000001 -1.96 -1.96
1hmk_A_26F -6.119999999999999 -2.11 -2.11
1hmk_A_60A -13.580000000000005 -2.01 -2.01
1hmk_A_103F 2.019999999999997 -2.13 -2.13
1hms_A_72S -2.6200000000000006 -3.67 -3.67
1hms_A_16S -4.720000000000001 -3.98 -3.98
1hms_A_4S -13.620000000000005 -3.67 -3.67
1hms_A_57S -2.2400000000000007 -2.43 -2.43
1hms_A_67S -0.5600000000000002 -1.22 -1.22
1hms_A_21I 1.6400000000000006 0.00 0.00
1hms_A_66G -9.940000000000003 -3.67 -3.67
1hms_A_126Q -0.3800000000000012 -0.31 -0.31
1hms_A_40E -1.3599999999999977 -2.40 -2.40
1hms_A_40V 5.52 -0.76 -0.76
1hms_A_8E -16.020000000000003 -3.82 -3.82
1hms_A_128F -2.079999999999999 -2.68 -2.68
1hti_A_179A -0.5000000000000001 0.05 0.05
1hti_A_179D -1.26 0.75 0.75
1hti_A_105D -2.9600000000000004 -0.65 -0.65
1huu_A_56S -1.7400000000000002 -0.13 -0.13
1iet_A_60R 8.58 0.14 0.14
1ifc_A_104C 3.540000000000001 1.32 1.32
1ifc_A_68A -6.6 -0.42 -0.42
1ifc_A_65A 3.22 -0.94 -0.94
1ifc_A_23C 1.9200000000000004 0.51 0.51
1ifc_A_64A -4.839999999999998 -1.68 -1.68
1ifc_A_64G -6.660000000000001 -2.26 -2.26
1ifc_A_72C -3.8200000000000003 0.02 0.02
1ifc_A_89C -5.059999999999999 -1.25 -1.25
1ifc_A_60C -2.079999999999999 -0.07 -0.07
1ifc_A_60N -8.44 -0.83 -0.83
1ifc_A_6Y -3.339999999999999 -0.87 -0.87
1ifc_A_82Y -7.380000000000003 -0.39 -0.39
1igv_A_19N 2.3200000000000003 0.83 0.83
1igv_A_26Q -1.1200000000000006 -0.03 -0.03
1igv_A_10A -7.500000000000002 -4.12 -4.12
1igv_A_66A -13.700000000000006 -4.20 -4.20
1igv_A_66W 1.5999999999999965 -0.93 -0.93
1igv_A_73V 1.279999999999999 -1.34 -1.34
1igv_A_23A -7.700000000000004 -3.24 -3.24
1igv_A_23G -10.680000000000003 -3.95 -3.95
1igv_A_28A -9.239999999999998 -2.20 -2.20
1igv_A_61A -3.3800000000000012 -2.93 -2.93
1igv_A_61G -7.160000000000001 -3.60 -3.60
1igv_A_70L 4.26 -0.13 -0.13
1igv_A_13F -1.9799999999999998 -1.08 -1.08
1ihb_A_71N -4.14 0.46 0.46
1ihb_A_92N -9.340000000000002 -0.71 -0.71
1ihb_A_55V 11.220000000000002 -0.15 -0.15
1imq_A_25G -1.939999999999999 -0.14 -0.14
1imq_A_31L 2.7200000000000006 -0.67 -0.67
1imq_A_41V 5.479999999999997 0.89 0.89
1imq_A_19L 2.5199999999999996 -1.82 -1.82
1imq_A_34L 1.1600000000000008 0.33 0.33
1imq_A_37L 1.2200000000000013 -0.26 -0.26
1imq_A_68I -0.8599999999999983 -0.81 -0.81
1imq_A_71I -1.6400000000000006 0.07 0.07
1io2_A_105A 6.3599999999999985 1.72 1.72
1io2_A_7N 3.7999999999999967 0.46 0.46
1io2_A_8A 9.02 1.77 1.77
1io2_A_8Q 2.86 -1.25 -1.25
1jiw_I_15F -2.080000000000001 -2.30 -2.30
1k9q_A_34T 0.64 0.37 0.37
1k9q_A_30Y 0.7399999999999991 0.27 0.27
1kcq_A_187N 3.5600000000000005 -1.05 -1.05
1kcq_A_187Y 10.860000000000003 -2.03 -2.03
1kdx_A_640F -2.7 0.00 0.00
1ke4_A_150F -0.7200000000000003 -2.05 -2.05
1kfw_A_405Q 0.6199999999999994 0.62 0.62
1lbi_A_84L 9.14 -0.20 -0.20
1lni_A_17K 6.319999999999999 -1.10 -1.10
1lni_A_79A 11.179999999999998 2.48 2.48
1lni_A_79E 2.9400000000000004 -0.40 -0.40
1lni_A_79F 17.86 2.73 2.73
1lni_A_79H 6.020000000000003 1.70 1.70
1lni_A_79I 14.160000000000002 2.85 2.85
1lni_A_79L 16.4 2.65 2.65
1lni_A_79N 3.48 1.46 1.46
1lni_A_79R 9.120000000000005 2.70 2.70
1lni_A_79W 19.800000000000004 2.25 2.25
1lni_A_79Y 14.98 2.90 2.90
1lni_A_41K -0.6200000000000017 -1.11 -1.11
1lni_A_74K 5.939999999999999 0.84 0.84
1lni_A_85Q 1.4599999999999989 0.00 0.00
1lni_A_39A 4.34 -2.20 -2.20
1lni_A_39D -0.4800000000000011 -1.50 -1.50
1lni_A_39S 1.439999999999999 -2.30 -2.30
1lni_A_38A 1.3999999999999984 0.74 0.74
1lni_A_65A -1.940000000000002 -1.13 -1.13
1lni_A_18V 9.34 -1.40 -1.40
1lni_A_56V 3.6799999999999997 -1.90 -1.90
1lni_A_59V 4.319999999999999 -1.70 -1.70
1lni_A_72V 2.919999999999999 -0.20 -0.20
1lni_A_82V 5.439999999999999 -1.70 -1.70
1lni_A_2T -2.840000000000001 -0.90 -0.90
1lni_A_36T -0.7400000000000022 -1.30 -1.30
1lni_A_43T -0.9800000000000004 -0.50 -0.50
1lni_A_57T -1.2799999999999996 -4.40 -4.40
1lni_A_30F -2.5200000000000014 0.40 0.40
1lni_A_49F 1.7599999999999993 -0.20 -0.20
1lni_A_51F -0.3000000000000005 -2.30 -2.30
1lni_A_52F 1.9399999999999984 -3.60 -3.60
1lni_A_55F -0.960000000000002 -0.60 -0.60
1lni_A_80F 3.5000000000000027 -1.50 -1.50
1lni_A_81F 1.4400000000000002 -1.20 -1.20
1lni_A_86F -0.22000000000000242 -0.30 -0.30
1luc_B_81A -0.6599999999999998 -2.10 -2.10
1luc_B_82A 1.9800000000000015 -2.70 -2.70
1lve_A_106L 1.2199999999999984 -0.51 -0.51
1lve_A_30R -0.4199999999999997 -0.55 -0.55
1lve_A_30T -1.8800000000000006 -1.33 -1.33
1lve_A_27CN -1.4799999999999998 -0.57 -0.57
1lve_A_27CQ -1.1199999999999997 0.63 0.63
1lve_A_4L 0.12000000000000166 1.04 1.04
1lve_A_28F 1.5600000000000005 -2.41 -2.41
1lve_A_38N -1.799999999999999 -1.60 -1.60
1lve_A_89H 1.3200000000000012 -0.90 -0.90
1lve_A_89N -3.3399999999999994 -1.26 -1.26
1lve_A_29N 1.08 0.39 0.39
1lve_A_94H 1.08 0.73 0.73
1lve_A_27BL 2.88 1.67 1.67
1lve_A_27DD -3.3200000000000007 2.19 2.19
1lve_A_96Q -4.32 -2.09 -2.09
1lz1_A_32L 7.960000000000005 -0.10 -0.10
1lz1_A_32S -8.259999999999998 -0.33 -0.33
1lz1_A_92S -10.099999999999998 0.81 0.81
1lz1_A_96M 6.4399999999999995 0.02 0.02
1lz1_A_96S -10.039999999999997 -1.00 -1.00
1lz1_A_77A -4.360000000000002 -4.60 -4.60
1lz1_A_120N -2.3400000000000003 -0.17 -0.17
1lz1_A_18N 0.6800000000000016 -1.28 -1.28
1lz1_A_49N -2.8400000000000003 -0.65 -0.65
1lz1_A_67H -0.4800000000000004 -3.73 -3.73
1lz1_A_67N -1.140000000000001 -1.39 -1.39
1lz1_A_35L 13.700000000000003 -0.53 -0.53
1lz1_A_7Q -0.060000000000000275 -0.94 -0.94
1lz1_A_127A 0.9 -0.55 -0.55
1lz1_A_129A 1.6799999999999997 0.14 0.14
1lz1_A_16A 2.04 -1.39 -1.39
1lz1_A_22A 0.6400000000000001 -1.79 -1.79
1lz1_A_37A 1.5000000000000002 -0.29 -0.29
1lz1_A_48A -0.4600000000000001 0.45 0.45
1lz1_A_72A 0.76 -0.36 -0.36
1lz1_A_78A 1.5000000000000004 -0.14 -0.14
1lz1_A_106V 0.3000000000000001 -0.72 -0.72
1lz1_A_23V -0.6399999999999981 -0.36 -0.36
1lz1_A_56A -6.320000000000001 -3.71 -3.71
1lz1_A_56F 2.9600000000000004 -4.09 -4.09
1lz1_A_56M 1.6599999999999997 -1.77 -1.77
1lz1_A_56T -6.419999999999999 -4.31 -4.31
1lz1_A_59A -5.120000000000003 -1.72 -1.72
1lz1_A_59G -8.080000000000002 -3.83 -3.83
1lz1_A_59L 1.160000000000001 0.00 0.00
1lz1_A_59M 1.5799999999999996 -1.29 -1.29
1lz1_A_59T -7.659999999999998 -2.22 -2.22
1lz1_A_59V -1.1599999999999997 -1.10 -1.10
1lz1_A_59Y -0.4000000000000008 -3.78 -3.78
1lz1_A_89V -0.7200000000000023 -0.48 -0.48
1lz1_A_1A -2.56 -0.60 -0.60
1lz1_A_1M -1.1399999999999997 -0.12 -0.12
1lz1_A_8T -8.899999999999999 -3.73 -3.73
1lz1_A_118A -0.7799999999999994 0.19 0.19
1lz1_A_50A -1.5999999999999992 0.43 0.43
1lz1_A_110G -2.8399999999999994 0.48 0.48
1lz1_A_110I -0.7799999999999997 0.86 0.86
1lz1_A_110L 0.2599999999999993 0.07 0.07
1lz1_A_110M 0.68 0.53 0.53
1lz1_A_110R -2.239999999999999 0.89 0.89
1lz1_A_110Y 2.38 -0.14 -0.14
1lz1_A_121A -2.7799999999999994 -1.44 -1.44
1lz1_A_125A -6.04 -1.32 -1.32
1lz1_A_2A -0.7000000000000005 -1.51 -1.51
1lz1_A_2D -0.20000000000000062 -1.44 -1.44
1lz1_A_2I -0.5599999999999996 1.10 1.10
1lz1_A_2L 0.5799999999999996 -0.05 -0.05
1lz1_A_2M 1.5399999999999998 -0.31 -0.31
1lz1_A_2N 0.5400000000000006 -1.34 -1.34
1lz1_A_2R 3.2000000000000006 -0.38 -0.38
1lz1_A_2S -0.28000000000000014 -1.41 -1.41
1lz1_A_2Y 3.96 -0.36 -0.36
1lz1_A_74D -0.11999999999999988 -0.43 -0.43
1lz1_A_74F 0.7800000000000002 -0.29 -0.29
1lz1_A_74I -0.8799999999999998 0.45 0.45
1lz1_A_74L 0.3 0.19 0.19
1lz1_A_74N -1.78 -0.33 -0.33
1lz1_A_74S -2.2199999999999998 -0.38 -0.38
1lz1_A_74Y 1.4400000000000004 -0.24 -0.24
1lz1_A_93T -9.260000000000002 -0.67 -0.67
1lz1_A_99T -6.4399999999999995 -0.50 -0.50
1lz1_A_124F 0.8399999999999992 -0.36 -0.36
1lz1_A_38F -0.820000000000001 -0.19 -0.19
1lz1_A_38G -8.919999999999998 -2.32 -2.32
1lz1_A_45F -3.039999999999999 0.07 0.07
1lz1_A_54F 0.9400000000000023 -0.96 -0.96
1lz1_A_63F 1.02 -0.24 -0.24
1mbg_A_103A -6.580000000000002 -2.32 -2.32
1mbg_A_103I 0.13999999999999846 0.69 0.69
1mbg_A_103L 3.3000000000000016 2.08 2.08
1mgr_A_11F 4.119999999999999 -0.60 -0.60
1mgr_A_33F -2.7600000000000002 0.50 0.50
1mgr_A_54F -1.86 -2.60 -2.60
1mgr_A_58F -1.5 -0.70 -0.70
1mgr_A_83F -0.20000000000000162 -1.50 -1.50
1mgr_A_84F 1.2599999999999971 -1.00 -1.00
1mjc_A_18L -1.1599999999999997 -1.00 -1.00
1mjc_A_20L 0.5800000000000005 -0.31 -0.31
1mjc_A_20S -13.92 -1.16 -1.16
1mjc_A_31L -2.46 -0.66 -0.66
1mjc_A_52W 12.200000000000001 -0.20 -0.20
1mjc_A_68W 6.5600000000000005 0.70 0.70
1msi_A_36A 6.419999999999999 0.30 0.30
1msi_A_58N 0.7800000000000007 -0.20 -0.20
1msi_A_25A 3.9600000000000004 -0.09 -0.09
1msi_A_23A 3.359999999999999 -0.89 -0.89
1n0j_A_58T -3.6800000000000006 -2.95 -2.95
1n0j_A_143N -0.4400000000000004 1.04 1.04
1n0j_A_34F -1.6400000000000006 4.75 4.75
1oh0_A_101L 1.1 -1.72 -1.72
1oh0_A_16F 4.34 -1.79 -1.79
1oh0_A_32F 4.220000000000001 0.20 0.20
1oh0_A_57F 5.439999999999997 -1.22 -1.22
1oh0_A_57S -13.440000000000003 -4.53 -4.53
1oia_A_13F 1.7199999999999986 -0.70 -0.70
1oia_A_13T -5.540000000000001 -1.30 -1.30
1oia_A_31F 1.4599999999999975 0.00 0.00
1oia_A_31S -9.500000000000002 -2.30 -2.30
1oia_A_78F -2.1800000000000006 0.00 0.00
1oia_A_86F -1.479999999999999 -2.60 -2.60
1oia_A_86T -7.1400000000000015 -2.90 -2.90
1onc_A_28A -5.080000000000001 -5.00 -5.00
1onc_A_36Y -3.6600000000000024 -4.67 -4.67
1otr_B_34D -1.0400000000000005 -1.00 -1.00
1otr_B_34L -0.4400000000000004 0.96 0.96
1otr_B_34S -2.2800000000000002 -0.60 -0.60
1otr_B_30L 1.9799999999999998 -1.96 -1.96
1otr_B_30V 2.2399999999999993 -1.58 -1.58
1otr_B_36F 2.16 -0.86 -0.86
1otr_B_36V 1.0000000000000002 -0.79 -0.79
1otr_B_11A 5.1000000000000005 -0.14 -0.14
1p2p_A_48Q -3.0999999999999974 -0.64 -0.64
1pdo_A_12F -6.18 1.79 1.79
1pdo_A_33F -2.4400000000000004 -1.08 -1.08
1pdo_A_69F -2.2999999999999994 -2.15 -2.15
1pga_A_53A 2.8000000000000003 -0.51 -0.51
1pga_A_53E -3.5999999999999996 -0.40 -0.40
1pga_A_53F 6.720000000000001 0.55 0.55
1pga_A_53I 5.98 -0.10 -0.10
1pga_A_53R 1.2800000000000002 -0.28 -0.28
1pga_A_53V 6.16 -0.58 -0.58
1poh_A_49A 3.5400000000000014 1.39 1.39
1poh_A_49D -3.979999999999999 1.41 1.41
1poh_A_49G -0.2199999999999982 1.05 1.05
1poh_A_49M 5.999999999999999 0.94 0.94
1poh_A_49Q -1.02 1.39 1.39
1poh_A_49S -1.7599999999999993 0.95 0.95
1poh_A_31A 0.4999999999999998 -0.40 -0.40
1poh_A_46D 0.0799999999999984 1.44 1.44
1poh_A_46N -0.29999999999999927 0.39 0.39
1qlp_A_183F 12.860000000000001 1.50 1.50
1qlp_A_183I 9.280000000000001 1.80 1.80
1qlp_A_183L 9.260000000000002 1.40 1.40
1qlp_A_183V 8.179999999999996 3.80 3.80
1qlp_A_248F 10.040000000000003 1.80 1.80
1qlp_A_248L 7.260000000000002 0.35 0.35
1qlp_A_248V 5.499999999999999 2.30 2.30
1qlp_A_250I 9.280000000000001 -0.40 -0.40
1qlp_A_250V 7.999999999999995 -0.40 -0.40
1qlp_A_284I 2.580000000000001 0.00 0.00
1qlp_A_284V 4.200000000000001 0.80 0.80
1qlp_A_31L 6.920000000000002 0.90 0.90
1qlp_A_31V 2.660000000000003 0.60 0.60
1qlp_A_70G 2.0999999999999996 1.60 1.60
1qlp_A_51C -7.379999999999999 3.01 3.01
1qlp_A_51L -2.259999999999997 2.10 2.10
1qlp_A_331I 9.46 0.84 0.84
1qlp_A_331T 1.8399999999999994 -0.54 -0.54
1qlp_A_387R -0.540000000000001 1.00 1.00
1qlp_A_374I -7.219999999999995 2.30 2.30
1qlp_A_330R 1.9399999999999986 -2.44 -2.44
1qlp_A_381A 6.880000000000002 1.00 1.00
1qlp_A_68A 1.7200000000000009 1.00 1.00
1qlp_A_145I -0.15999999999999948 0.20 0.20
1qlp_A_145L 0.9599999999999995 -0.70 -0.70
1qlp_A_173L 0.8000000000000005 -0.60 -0.60
1qlp_A_321I -1.1599999999999997 0.60 0.60
1qlp_A_321L 1.9600000000000017 -1.20 -1.20
1qlp_A_364I -0.7599999999999985 0.40 0.40
1qlp_A_364L -0.7799999999999983 -0.30 -0.30
1qlp_A_55I -1.5199999999999987 -0.20 -0.20
1qlp_A_55L 0.4200000000000008 -0.30 -0.30
1qlp_A_194F -12.44 -0.47 -0.47
1qlp_A_238F -4.740000000000003 0.98 0.98
1qlp_A_160A -7.86 -0.21 -0.21
1qm4_A_265H -1.6999999999999995 -3.11 -3.11
1rg8_A_103G -1.2200000000000004 -0.46 -0.46
1rg8_A_16S -8.900000000000004 -2.81 -2.81
1rg8_A_108Y -1.480000000000001 0.49 0.49
1rg8_A_62A -0.0800000000000004 -1.48 -1.48
1rg8_A_102Y 6.0 0.39 0.39
1rg8_A_21Y 9.700000000000003 0.79 0.79
1rg8_A_93A -0.9600000000000009 -0.60 -0.60
1rg8_A_44F 2.280000000000001 0.59 0.59
1rg8_A_73V -4.5799999999999965 -1.46 -1.46
1rg8_A_106G 0.21999999999999986 0.16 0.16
1rg8_A_109I 1.160000000000001 -0.05 -0.05
1rg8_A_109L 3.240000000000004 -0.57 -0.57
1rhg_A_33A 2.6400000000000015 0.31 0.31
1rhg_A_46A 0.3200000000000005 -0.32 -0.32
1rhg_A_150A 3.4000000000000017 1.94 1.94
1rhg_A_26A -1.6600000000000004 1.93 1.93
1rhg_A_28A 1.080000000000002 2.35 2.35
1rhg_A_73A -0.5800000000000005 0.89 0.89
1rhg_A_81A 1.8600000000000005 -0.76 -0.76
1ris_A_22Q 2.299999999999999 -1.12 -1.12
1ris_A_60A -8.220000000000002 -0.81 -0.81
1ris_A_26A -7.700000000000003 -2.84 -2.84
1ris_A_8A -8.14 -3.56 -3.56
1ris_A_75A -5.860000000000001 -1.35 -1.35
1ris_A_79A -9.78 -3.91 -3.91
1ris_A_65A -5.800000000000001 -2.89 -2.89
1ris_A_6A -9.419999999999996 -2.93 -2.93
1ris_A_85A -2.6999999999999993 -3.02 -3.02
1ris_A_88A -5.459999999999999 -1.68 -1.68
1ris_A_33A -6.26 0.41 0.41
1rn1_B_21G -0.25999999999999984 -1.10 -1.10
1rn1_B_49A 10.439999999999998 0.50 0.50
1rn1_B_49F 15.640000000000002 0.10 0.10
1rn1_B_76A 8.88 -3.76 -3.76
1rn1_B_76N 2.4799999999999995 -3.39 -3.39
1rn1_B_76S 1.3400000000000005 -3.17 -3.17
1rn1_B_58A 7.080000000000002 -0.42 -0.42
1rn1_B_40T -1.0600000000000005 -0.26 -0.26
1rn1_B_92A 3.3600000000000008 -0.62 -0.62
1rn1_B_44A -1.48 -1.88 -1.88
1rn1_B_44D 0.759999999999999 -1.58 -1.58
1rn1_B_44S -1.2999999999999998 -1.77 -1.77
1rn1_B_16A 2.080000000000001 -2.34 -2.34
1rn1_B_16C 2.6200000000000006 -4.99 -4.99
1rn1_B_16T 2.9000000000000004 -3.65 -3.65
1rn1_B_78A -2.5199999999999987 -4.08 -4.08
1rn1_B_89S -6.32 -4.87 -4.87
1rn1_B_89T -2.299999999999999 -3.07 -3.07
1rn1_B_59Y -1.6799999999999993 -0.93 -0.93
1rn1_B_24W 3.3200000000000007 1.24 1.24
1rn1_B_42W 0.6599999999999998 -0.14 -0.14
1rop_A_30C 4.46 0.80 0.80
1rop_A_30E 0.15999999999999914 1.00 1.00
1rop_A_30G 2.18 2.00 2.00
1rop_A_30H 3.8199999999999994 0.90 0.90
1rop_A_30K 6.54 0.90 0.90
1rop_A_30L 5.460000000000001 -0.10 -0.10
1rop_A_30M 5.000000000000001 0.60 0.60
1rop_A_30N 2.5999999999999996 0.80 0.80
1rop_A_30R 6.160000000000001 0.80 0.80
1rop_A_30S 2.34 1.00 1.00
1rop_A_30T 4.18 -0.40 -0.40
1rop_A_30V 5.22 -0.40 -0.40
1rop_A_30W 8.14 -0.40 -0.40
1rop_A_30Y 6.68 0.20 0.20
1rtb_A_109G -4.980000000000001 -0.43 -0.43
1rtb_A_4S -2.0000000000000004 -0.45 -0.45
1rtb_A_5S -4.620000000000001 -0.27 -0.27
1rtb_A_64G -1.5000000000000002 -0.44 -0.44
1rtb_A_121A 7.48 -1.95 -1.95
1rtb_A_46L -4.8400000000000025 -3.21 -3.21
1rtb_A_46V -7.7600000000000025 -4.55 -4.55
1rtb_A_106A -6.62 -4.38 -4.38
1rtb_A_106L 1.760000000000001 -1.79 -1.79
1rtb_A_107A -5.660000000000001 -2.85 -2.85
1rtb_A_107L 1.6400000000000001 -2.20 -2.20
1rtb_A_107V -1.7000000000000006 -0.08 -0.08
1rtb_A_81A -2.3400000000000003 -2.99 -2.99
1rtb_A_81G -4.4 -4.81 -4.81
1rtb_A_81V -0.6799999999999989 -0.43 -0.43
1rtb_A_108A -4.300000000000002 -4.20 -4.20
1rtb_A_108I 1.82 -0.44 -0.44
1rtb_A_116G -5.12 -1.18 -1.18
1rtb_A_118G -8.02 -2.78 -2.78
1rtb_A_47A -5.180000000000003 -3.80 -3.80
1rtb_A_54A -5.7399999999999975 -2.58 -2.58
1rtb_A_54G -10.0 -4.87 -4.87
1rtb_A_54L 3.4800000000000013 -1.09 -1.09
1rtb_A_57A -3.4599999999999986 -2.85 -2.85
1rtb_A_57I -0.8999999999999997 -1.30 -1.30
1rtb_A_63A -2.6 -2.03 -2.03
1rtb_A_63G -2.6799999999999993 -3.50 -3.50
1rtb_A_97F -0.47999999999999915 -3.54 -3.54
1rtp_1_80S -3.5399999999999983 -0.29 -0.29
1sak_A_352A 4.34 -0.62 -0.62
1sak_A_326A 2.54 -0.40 -0.40
1sak_A_339A -2.419999999999998 -0.66 -0.66
1sak_A_343A 3.9000000000000004 -0.25 -0.25
1sak_A_346A 2.84 -0.27 -0.27
1sak_A_328A -1.6800000000000002 -2.36 -2.36
1sak_A_338A -3.8199999999999994 -2.03 -2.03
1sak_A_341L 1.8400000000000016 -0.91 -0.91
1sak_A_330F 0.040000000000000174 -1.80 -1.80
1sak_A_344F 1.3800000000000003 -1.62 -1.62
1sak_A_344I -0.35999999999999954 -0.41 -0.41
1sak_A_350A -1.2600000000000005 -0.50 -0.50
1sak_A_340A -4.3999999999999995 -1.90 -1.90
1sak_A_340I -1.6199999999999992 -0.38 -0.38
1sak_A_345A 2.6199999999999997 -0.98 -0.98
1sak_A_331A 1.1 -0.46 -0.46
1sak_A_333A 0.9999999999999996 -1.05 -1.05
1sak_A_335A -4.12 -0.75 -0.75
1sak_A_337A -1.4399999999999997 -2.41 -2.41
1sak_A_342A -3.619999999999999 -0.38 -0.38
1shf_A_107D -1.8199999999999992 0.68 0.68
1shf_A_107F 7.620000000000001 -1.63 -1.63
1shf_A_107G 0.3799999999999992 -2.29 -2.29
1shf_A_107H 0.6000000000000003 -0.99 -0.99
1shf_A_107L 6.76 -3.02 -3.02
1shf_A_107Q -0.17999999999999994 -0.74 -0.74
1shf_A_107S -1.1799999999999995 -1.64 -1.64
1shf_A_107V 6.019999999999998 -2.00 -2.00
1shf_A_107Y 6.0 -2.40 -2.40
1shf_A_128A 0.76 -1.78 -1.78
1shf_A_111A -3.040000000000002 -2.84 -2.84
1shf_A_111V 0.6600000000000001 -0.63 -0.63
1shf_A_124D -1.5799999999999994 -2.02 -2.02
1shf_A_124F 7.4799999999999995 -1.90 -1.90
1shf_A_124H 1.6000000000000005 -1.25 -1.25
1shf_A_124I 4.3199999999999985 -1.41 -1.41
1shf_A_124K 2.38 0.11 0.11
1shf_A_124N -0.12000000000000022 -0.73 -0.73
1shf_A_124R 2.499999999999999 -0.18 -0.18
1shf_A_124T 2.58 -1.65 -1.65
1shf_A_124Y 8.72 -2.27 -2.27
1shf_A_127A -1.2200000000000002 -2.59 -2.59
1shf_A_138A -7.860000000000001 -2.34 -2.34
1shf_A_138G -11.5 -3.65 -3.65
1shf_A_138M 0.6799999999999996 -0.52 -0.52
1shf_A_138T -10.76 -2.40 -2.40
1shg_A_48G -1.2199999999999998 0.82 0.82
1shg_A_59Y 7.82 -0.84 -0.84
1sso_A_29V -0.6800000000000017 -0.40 -0.40
1sup_A_169A 2.719999999999999 0.30 0.30
1sup_A_218S 0.7399999999999998 1.07 1.07
1sup_A_76D -1.3199999999999998 0.45 0.45
1sup_A_206C 6.119999999999999 1.25 1.25
1sup_A_217K -7.419999999999999 0.72 0.72
1ten_A_819G -6.519999999999997 -2.67 -2.67
1ten_A_885G -2.920000000000001 -0.92 -0.92
1ten_A_887A 5.02 1.55 1.55
1ten_A_809A -4.7 -2.74 -2.74
1ten_A_809V -0.49999999999999956 0.02 0.02
1ten_A_821A -10.279999999999998 -3.58 -3.58
1ten_A_821V -2.8199999999999994 -0.28 -0.28
1ten_A_830A -1.300000000000001 -1.63 -1.63
1ten_A_833V -0.8599999999999999 -0.80 -0.80
1ten_A_849A -3.1000000000000005 -2.40 -2.40
1ten_A_860A -3.14 -1.91 -1.91
1ten_A_860V 0.6199999999999998 -0.88 -0.88
1ten_A_835A -9.740000000000002 -4.13 -4.13
1ten_A_851A -4.680000000000001 -2.88 -2.88
1ten_A_863A -4.78 -3.96 -3.96
1ten_A_873A -7.780000000000004 -2.81 -2.81
1ten_A_875A 7.64 -0.27 -0.27
1ten_A_882A 4.079999999999999 -2.58 -2.58
1ten_A_811A -5.459999999999999 -1.40 -1.40
1ten_A_871A -6.32 -2.69 -2.69
1ten_A_858A -4.16 -1.21 -1.21
1ten_A_858G -8.420000000000002 -4.06 -4.06
1tit_A_23A -4.360000000000001 -2.70 -2.70
1tit_A_41A -4.220000000000001 -2.70 -2.70
1tit_A_58A -7.5200000000000005 -3.23 -3.23
1tit_A_13A -5.739999999999998 -2.15 -2.15
1tit_A_86A -4.259999999999998 -4.45 -4.45
1tpk_A_65A -4.220000000000001 -2.00 -2.00
1tpk_A_65L 0.5399999999999987 -1.90 -1.90
1tpk_A_65M 0.31999999999999873 -2.20 -2.20
1tpk_A_65S -10.060000000000002 -2.40 -2.40
1tpk_A_65T -6.5 -1.00 -1.00
1ttq_A_18G -5.299999999999997 -2.70 -2.70
1ttq_A_18V 5.700000000000003 -2.30 -2.30
1ttq_A_22I -2.4799999999999986 -4.58 -4.58
1ttq_A_232V 0.8399999999999995 -3.30 -3.30
1ttq_A_209V -3.1799999999999984 -3.20 -3.20
1ttq_A_175Q -10.34 -1.65 -1.65
1tyv_A_309V 10.440000000000003 -0.77 -0.77
1tyv_A_244R 2.7600000000000002 -1.33 -1.33
1tyv_A_323D -5.18 -0.13 -0.13
1tyv_A_285K 0.38000000000000045 -3.43 -3.43
1tyv_A_235I 0.10000000000000031 -0.53 -0.53
1ubq_A_45W 2.0799999999999987 0.46 0.46
1ubq_A_68E 1.7399999999999989 0.77 0.77
1ubq_A_68Q 1.4999999999999984 0.55 0.55
1ubq_A_29N -6.479999999999999 -1.48 -1.48
1ubq_A_29Q -5.22 -1.67 -1.67
1ubq_A_6E 0.6800000000000008 0.53 0.53
1ubq_A_6Q 2.1399999999999997 0.26 0.26
1ubq_A_72Q -0.7000000000000001 -0.33 -0.33
1uzc_A_17G -2.7600000000000007 -0.70 -0.70
1uzc_A_20G -3.3400000000000016 -2.30 -2.30
1uzc_A_39G -6.700000000000001 -1.93 -1.93
1uzc_A_51G -2.4200000000000004 -1.12 -1.12
1uzc_A_53G -2.0600000000000005 -0.30 -0.30
1uzc_A_61G -3.240000000000001 -2.07 -2.07
1uzc_A_64G -1.48 -0.94 -0.94
1uzc_A_46N -1.0 -2.51 -2.51
1uzc_A_15A -2.34 -0.40 -0.40
1uzc_A_15G -2.4400000000000004 -1.02 -1.02
1uzc_A_27A -4.5600000000000005 -0.62 -0.62
1uzc_A_43V -0.8800000000000026 -1.21 -1.21
1uzc_A_44G -5.500000000000001 -0.40 -0.40
1uzc_A_26A -2.4800000000000004 0.11 0.11
1uzc_A_26G -4.360000000000002 -0.74 -0.74
1uzc_A_58A 2.2199999999999998 -2.10 -2.10
1uzc_A_24A -5.320000000000003 -1.04 -1.04
1uzc_A_52A -3.0200000000000005 -2.71 -2.71
1uzc_A_42A -1.5 -1.37 -1.37
1uzc_A_33G 0.4600000000000001 -0.42 -0.42
1uzc_A_19A -1.2600000000000002 -0.08 -0.08
1uzc_A_38A 2.1200000000000006 -0.37 -0.37
1uzc_A_38G -0.020000000000000906 -1.57 -1.57
1uzc_A_60A 0.42000000000000015 0.31 0.31
1uzc_A_60G -1.7800000000000005 -0.80 -0.80
1uzc_A_32A 1.5999999999999999 0.00 0.00
1uzc_A_50A 3.299999999999999 -0.02 -0.02
1uzc_A_56A 0.08000000000000002 -0.40 -0.40
1uzc_A_56G -0.5400000000000003 -0.54 -0.54
1uzc_A_13A -1.4000000000000001 -0.99 -0.99
1uzc_A_13S -1.3199999999999996 0.10 0.10
1uzc_A_30A -4.800000000000002 -3.28 -3.28
1uzc_A_67A -0.2999999999999997 0.51 0.51
1uzc_A_67G -0.3999999999999996 0.00 0.00
1uzc_A_49F -1.2800000000000034 -0.31 -0.31
1uzc_A_65F -1.680000000000001 -0.72 -0.72
1vqb_A_33I 3.68 -0.45 -0.45
1vqb_A_33L 7.6200000000000045 -1.30 -1.30
1vqb_A_33M 2.5800000000000023 -1.75 -1.75
1vqb_A_33S -14.54 -2.12 -2.12
1vqb_A_33T -8.239999999999995 -2.30 -2.30
1vqb_A_36C 7.239999999999999 -1.02 -1.02
1vqb_A_36N 1.62 -0.50 -0.50
1vqb_A_50H -1.2599999999999993 -0.77 -0.77
1vqb_A_30F 9.360000000000001 1.02 1.02
1vqb_A_30M 8.66 0.32 0.32
1vqb_A_30N -1.059999999999999 -0.55 -0.55
1vqb_A_40T 1.1400000000000001 -0.20 -0.20
1vqb_A_13T -2.2399999999999998 -0.35 -0.35
1vqb_A_68L -2.7 -2.12 -2.12
1vqb_A_73W 1.5999999999999999 0.40 0.40
1vqb_A_64C 5.52 0.25 0.25
1vqb_A_47A -7.859999999999999 -3.32 -3.32
1vqb_A_47F 1.5800000000000016 -0.85 -0.85
1vqb_A_47M -0.3199999999999993 -1.00 -1.00
1vqb_A_47T -7.939999999999999 -3.70 -3.70
1vqb_A_47V -3.420000000000001 -1.18 -1.18
1vqb_A_6V -0.35999999999999965 -0.35 -0.35
1vqb_A_78V 0.2200000000000002 -0.65 -0.65
1vqb_A_69H 0.14000000000000012 -0.62 -0.62
1vqb_A_69M 3.499999999999999 0.08 0.08
1vqb_A_28V -0.43999999999999995 0.55 0.55
1vqb_A_32H -8.879999999999999 -0.45 -0.45
1vqb_A_32R -7.039999999999999 -0.80 -0.80
1vqb_A_32W 2.240000000000002 1.40 1.40
1vqb_A_32Y -1.439999999999998 0.50 0.50
1vqb_A_37T -0.9599999999999999 -2.60 -2.60
1vqb_A_37V 0.2799999999999996 -1.75 -1.75
1vqb_A_49C -2.7800000000000002 -2.05 -2.05
1vqb_A_49I -2.500000000000001 -0.95 -0.95
1vqb_A_49T -0.9800000000000004 -2.85 -2.85
1vqb_A_49V -4.220000000000001 -1.45 -1.45
1vqb_A_81C -8.900000000000002 -1.85 -1.85
1vqb_A_81T -10.940000000000001 -2.55 -2.55
1vqb_A_81V -7.14 -0.10 -0.10
1vqb_A_77A -0.8399999999999997 -1.05 -1.05
1vqb_A_77C 0.24000000000000055 0.00 0.00
1vqb_A_77F 1.88 -0.10 -0.10
1vqb_A_77I -0.039999999999999813 0.80 0.80
1vqb_A_77L 1.3200000000000007 -0.60 -0.60
1vqb_A_77V 0.8600000000000001 0.60 0.60
1vqb_A_82C 2.0199999999999996 -0.75 -0.75
1vqb_A_48C -0.6199999999999997 -0.40 -0.40
1vqb_A_48V 2.580000000000001 0.00 0.00
1vqb_A_62C 7.94 -0.35 -0.35
1vqb_A_62V 10.580000000000002 0.65 0.65
1vqb_A_19C 0.4600000000000002 -0.15 -0.15
1vqb_A_35A -5.6 -1.02 -1.02
1vqb_A_35F 2.2000000000000024 -1.50 -1.50
1vqb_A_35M -0.2999999999999996 -0.53 -0.53
1vqb_A_35T -8.139999999999999 -2.65 -2.65
1vqb_A_43C -0.07999999999999952 -1.05 -1.05
1vqb_A_43T -6.239999999999998 -0.80 -0.80
1vqb_A_45A -5.999999999999999 -1.05 -1.05
1vqb_A_45L -0.8600000000000005 -1.50 -1.50
1vqb_A_45T -9.399999999999999 -1.75 -1.75
1vqb_A_70C -0.3000000000000004 -1.60 -1.60
1vqb_A_70T -2.56 -1.75 -1.75
1vqb_A_26R -6.16 -0.20 -0.20
1vqb_A_41A -2.3600000000000003 -0.20 -0.20
1vqb_A_41F -1.1800000000000006 -0.30 -0.30
1wit_A_73F 2.9400000000000013 -2.15 -2.15
1wq5_A_118A -3.0800000000000005 -1.36 -1.36
1wq5_A_118S -10.979999999999999 -2.27 -2.27
1wq5_A_118V 3.259999999999999 -1.34 -1.34
1wq5_A_154A -4.499999999999999 -1.03 -1.03
1wq5_A_154V 4.139999999999999 -1.12 -1.12
1wq5_A_81A -3.2199999999999984 -0.69 -0.69
1wq5_A_81G -8.560000000000002 -1.58 -1.58
1wq5_A_81S -10.68 -1.41 -1.41
1wq5_A_81V 1.9399999999999986 -1.32 -1.32
1wq5_A_49A 13.86 0.41 0.41
1wq5_A_49C 16.740000000000002 1.33 1.33
1wq5_A_49D -2.0199999999999996 0.07 0.07
1wq5_A_49H 7.200000000000001 1.51 1.51
1wq5_A_49L 24.040000000000013 3.67 3.67
1wq5_A_49M 20.56 3.13 3.13
1wq5_A_49Q 7.360000000000002 -0.58 -0.58
1wq5_A_49S 5.000000000000002 -0.01 -0.01
1wq5_A_49T 9.120000000000003 0.16 0.16
1wq5_A_49V 20.799999999999997 2.43 2.43
1wq5_A_49Y 18.580000000000002 0.41 0.41
1wq5_A_139W 3.5400000000000036 -0.64 -0.64
1wq5_A_258W 3.52 -1.17 -1.17
1wq5_A_211D -5.299999999999998 -0.80 -0.80
1wq5_A_211E -3.1199999999999983 1.10 1.10
1wq5_A_211R 2.5399999999999996 -0.12 -0.12
1wq5_A_211S -2.2399999999999998 -0.15 -0.15
1wq5_A_234D -4.260000000000001 3.40 3.40
1wq5_A_234K -1.3400000000000003 0.20 0.20
1wq5_A_37A -7.779999999999998 -4.42 -4.42
1wq5_A_127A -9.200000000000003 -1.28 -1.28
1wq5_A_176A -9.28 -4.01 -4.01
1wq5_A_50A -11.940000000000001 -2.99 -2.99
1wq5_A_175C 2.2200000000000006 -0.60 -0.60
1yu5_X_41Y 7.92 1.11 1.11
1yyj_A_20G -2.6800000000000006 -1.97 -1.97
1yyj_A_23G -2.4400000000000013 -2.38 -2.38
1yyj_A_36G -3.4400000000000004 -2.61 -2.61
1yyj_A_37G -6.6 -4.15 -4.15
1yyj_A_40G -2.940000000000001 -1.41 -1.41
1yyj_A_90G -2.78 -2.34 -2.34
1yyj_A_91G -3.959999999999999 -1.60 -1.60
1yyj_A_18A 0.7600000000000003 1.30 1.30
1yyj_A_61A -6.260000000000002 -4.52 -4.52
1yyj_A_65A -8.48 -1.92 -1.92
1yyj_A_17A -5.500000000000002 -1.30 -1.30
1yyj_A_72A -6.1 -4.79 -4.79
1yyj_A_98A -2.2600000000000002 -3.48 -3.48
1yyj_A_15A -2.42 -0.20 -0.20
1yyj_A_27A 2.4599999999999977 -0.17 -0.17
1yyj_A_10A -2.72 -1.86 -1.86
1yyj_A_14A -6.9399999999999995 -1.92 -1.92
1yyj_A_30A -9.840000000000002 -2.83 -2.83
1yyj_A_38G -6.0200000000000005 -1.44 -1.44
1yyj_A_48A -3.06 -3.73 -3.73
1yyj_A_68A -3.5 -3.88 -3.88
1yyj_A_76A -2.319999999999999 -3.48 -3.48
1yyj_A_94A -8.0 -1.50 -1.50
1yyj_A_33A -8.000000000000002 -2.97 -2.97
1yyj_A_34A 6.980000000000001 -2.25 -2.25
1yyj_A_34G 0.4799999999999997 -3.26 -3.26
1yyj_A_69G -6.34 -3.61 -3.61
1yyj_A_7M -9.920000000000002 -0.85 -0.85
1yyj_A_101A -6.72 0.52 0.52
1yyj_A_105A -8.4 -2.36 -2.36
1zg4_A_77S -17.300000000000004 -3.36 -3.36
1zg4_A_290F -5.140000000000002 -0.83 -0.83
1znj_B_25D -9.38 0.48 0.48
1znj_B_25H -5.300000000000001 0.75 0.75
1znj_B_10D -6.32 0.76 0.76
1znj_B_10E -5.860000000000001 1.11 1.11
1znj_B_10T 0.9599999999999993 0.03 0.03
1znj_B_9D -2.1000000000000005 0.06 0.06
1znj_B_26T -5.000000000000001 -0.22 -0.22
2a01_A_141R 5.460000000000001 -0.65 -0.65
2a36_A_22A -0.3800000000000001 0.40 0.40
2a36_A_22D 1.6199999999999992 1.50 1.50
2a36_A_22F 3.12 1.30 1.30
2a36_A_22G -2.4 3.59 3.59
2a36_A_22K -3.88 0.00 0.00
2a36_A_22L 2.7199999999999998 0.50 0.50
2a36_A_22N -2.2600000000000007 1.30 1.30
2a36_A_22S -3.14 0.60 0.60
2abd_A_34G -1.6799999999999995 -1.33 -1.33
2abd_A_69G -2.06 -2.28 -2.28
2abd_A_9G -0.8400000000000003 -1.88 -1.88
2abd_A_21A 2.9200000000000013 0.03 0.03
2abd_A_21H 3.1999999999999997 -0.56 -0.56
2abd_A_67A -0.7200000000000006 -0.60 -0.60
2abd_A_26A -6.860000000000002 -1.79 -1.79
2abd_A_74A -3.3199999999999994 -1.70 -1.70
2abd_A_32A 1.7200000000000002 -1.34 -1.34
2abd_A_32E -4.639999999999998 -1.48 -1.48
2abd_A_32R 0.2400000000000002 -1.83 -1.83
2abd_A_54A 0.8000000000000008 -0.97 -0.97
2abd_A_54M 3.560000000000005 0.10 0.10
2abd_A_15A -4.14 -3.28 -3.28
2abd_A_80A -4.5 -4.15 -4.15
2abd_A_33A 3.1000000000000023 -3.64 -3.64
2abd_A_35A 0.54 -1.47 -1.47
2abd_A_12A -4.619999999999999 -1.54 -1.54
2abd_A_28A -7.819999999999999 -2.74 -2.74
2abd_A_28N -12.079999999999998 -2.48 -2.48
2abd_A_31N -10.32 -1.86 -1.86
2abd_A_73F 2.9999999999999973 0.29 0.29
2ci2_I_35G -3.1800000000000006 -1.25 -1.25
2ci2_I_77G -4.5 -1.42 -1.42
2ci2_I_42A 0.05999999999999839 -1.00 -1.00
2ci2_I_64A 7.019999999999998 -0.91 -0.91
2ci2_I_26A 5.540000000000001 -0.75 -0.75
2ci2_I_26Q 3.3999999999999995 -0.60 -0.60
2ci2_I_33D -2.0200000000000005 -0.65 -0.65
2ci2_I_33N -3.96 -0.55 -0.55
2ci2_I_34Q -2.559999999999999 -0.58 -0.58
2ci2_I_60A -1.3800000000000012 -0.89 -0.89
2ci2_I_69A -7.899999999999999 -3.53 -3.53
2ci2_I_69L -1.5799999999999979 -2.05 -2.05
2ci2_I_69V -2.479999999999999 -1.90 -1.90
2ci2_I_39L 0.7399999999999998 -1.96 -1.96
2ci2_I_39V -1.12 -1.16 -1.16
2ci2_I_48A -1.640000000000001 -3.68 -3.68
2ci2_I_48V 0.7399999999999992 -0.97 -0.97
2ci2_I_49A -1.4200000000000004 -1.05 -1.05
2ci2_I_49G -4.9 -3.23 -3.23
2ci2_I_49T -4.1 -1.21 -1.21
2ci2_I_49V 0.4600000000000012 -0.10 -0.10
2ci2_I_56A -2.1600000000000006 -0.65 -0.65
2ci2_I_76A -2.86 -4.21 -4.21
2ci2_I_76V 0.5599999999999994 0.10 0.10
2ci2_I_21A 0.41999999999999993 -0.79 -0.79
2ci2_I_21M 2.0999999999999996 -0.70 -0.70
2ci2_I_30A -3.7399999999999984 -0.39 -0.39
2ci2_I_36A 0.2999999999999997 -0.70 -0.70
2ci2_I_36G -3.9 -2.16 -2.16
2ci2_I_37A -8.680000000000001 -0.18 -0.18
2ci2_I_37G -11.8 -1.18 -1.18
2ci2_I_43A -4.82 -0.82 -0.82
2ci2_I_72N -3.1399999999999997 -0.61 -0.61
2ci2_I_27A -4.5 -2.44 -2.44
2ci2_I_40A -0.11999999999999966 -1.27 -1.27
2ci2_I_40G -1.6599999999999997 -1.73 -1.73
2ci2_I_51I -1.56 -0.63 -0.63
2ci2_I_51V -1.9399999999999997 -0.67 -0.67
2ci2_I_75A 6.960000000000001 -1.02 -1.02
2ci2_I_75D -3.68 -1.36 -1.36
2ci2_I_41A 1.0200000000000002 -0.28 -0.28
2ci2_I_41G -2.34 -0.76 -0.76
2ci2_I_62A -5.58 -0.80 -0.80
2ci2_I_67A 1.6600000000000001 -1.21 -1.21
2ci2_I_31A 4.12 -0.96 -0.96
2ci2_I_31G 0.7600000000000013 -0.49 -0.49
2ci2_I_22A -0.10000000000000092 -0.93 -0.93
2ci2_I_22G -2.0 -1.07 -1.07
2ci2_I_22V 2.64 -0.76 -0.76
2ci2_I_55A 2.2800000000000002 -0.59 -0.59
2ci2_I_55S -1.8999999999999995 -0.50 -0.50
2ci2_I_55V 4.16 -1.16 -1.16
2ci2_I_58A 2.380000000000001 -0.69 -0.69
2ci2_I_38A -3.940000000000001 -0.31 -0.31
2ci2_I_53A -2.4000000000000004 -0.88 -0.88
2ci2_I_53G -4.179999999999999 -2.26 -2.26
2ci2_I_53T -4.039999999999998 -1.31 -1.31
2ci2_I_57A -4.039999999999999 -1.07 -1.07
2ci2_I_66A -6.4399999999999995 -4.92 -4.92
2ci2_I_70A -1.9999999999999991 -1.74 -1.74
2ci2_I_79G -6.100000000000001 -2.38 -2.38
2ci2_I_79T -2.06 -0.89 -0.89
2ci2_I_82A -1.0800000000000005 -1.36 -1.36
2dri_A_27T -0.3200000000000014 -3.30 -3.30
2dri_A_50E -16.3 -3.50 -3.50
2h61_A_14A -7.559999999999999 -2.85 -2.85
2h61_A_11A -3.9199999999999986 -1.65 -1.65
2h61_A_3A -1.3400000000000003 -0.64 -0.64
2h61_A_3S -1.58 -1.25 -1.25
2h61_A_7A -2.380000000000001 -2.00 -2.00
2hpr_A_46D -1.3799999999999994 0.72 0.72
2imm_A_15L 3.2000000000000006 1.36 1.36
2imm_A_24R -0.2799999999999993 -0.17 -0.17
2imm_A_21L 0.6599999999999988 -0.31 -0.31
2imm_A_90Q 3.6999999999999993 1.05 1.05
2imm_A_79E -1.92 -0.41 -0.41
2imm_A_63S -2.3799999999999994 0.29 0.29
2lzm_A_129V 3.0600000000000014 -0.74 -0.74
2lzm_A_146V 4.1 -4.31 -4.31
2lzm_A_160T 0.17999999999999983 -3.12 -3.12
2lzm_A_98T -3.4999999999999987 -3.83 -3.83
2lzm_A_98V 4.779999999999999 -4.98 -4.98
2lzm_A_54V 1.7800000000000005 -0.70 -0.70
2lzm_A_11F 8.320000000000002 1.70 1.70
2lzm_A_128A 3.2000000000000015 0.16 0.16
2lzm_A_128K 1.6600000000000001 -1.16 -1.16
2lzm_A_153C -6.9399999999999995 -3.11 -3.11
2lzm_A_113A 1.7200000000000006 0.39 0.39
2lzm_A_30A 3.219999999999999 0.10 0.10
2lzm_A_30F 6.079999999999997 -1.50 -1.50
2lzm_A_77A 4.480000000000001 -0.20 -0.20
2lzm_A_3A -4.8999999999999995 -0.79 -0.79
2lzm_A_3D -16.14 -2.87 -2.87
2lzm_A_3E -13.220000000000002 -1.72 -1.72
2lzm_A_3F 1.9400000000000004 -1.02 -1.02
2lzm_A_3G -9.899999999999999 -2.03 -2.03
2lzm_A_3L 4.920000000000003 0.77 0.77
2lzm_A_3S -12.52 -1.75 -1.75
2lzm_A_3T -8.079999999999998 -2.15 -2.15
2lzm_A_3V -0.14000000000000057 -0.45 -0.45
2lzm_A_58Y 1.1800000000000006 -3.11 -3.11
2lzm_A_124G -1.5000000000000004 -0.08 -0.08
2lzm_A_135E 0.86 -0.83 -0.83
2lzm_A_147E 2.6800000000000015 -0.53 -0.53
2lzm_A_16E -0.5799999999999998 0.15 0.15
2lzm_A_60H -1.9600000000000002 -0.26 -0.26
2lzm_A_83H 0.26000000000000023 -0.42 -0.42
2lzm_A_133F 0.8800000000000008 -0.26 -0.26
2lzm_A_6I -3.6 -3.10 -3.10
2lzm_A_116D 0.3800000000000007 0.47 0.47
2lzm_A_132I 6.3199999999999985 1.20 1.20
2lzm_A_132M 6.36 1.50 1.50
2lzm_A_144E 3.9000000000000004 0.46 0.46
2lzm_A_55G 0.14000000000000035 -0.58 -0.58
2lzm_A_68A 2.200000000000001 0.05 0.05
2lzm_A_105A 0.7799999999999995 -0.68 -0.68
2lzm_A_105G -1.4 -2.30 -2.30
2lzm_A_123E 2.86 0.27 0.27
2lzm_A_119M 3.1000000000000005 0.00 0.00
2lzm_A_96H -1.119999999999999 -2.91 -2.91
2lzm_A_117F 17.340000000000003 1.10 1.10
2lzm_A_117I 8.880000000000003 1.70 1.70
2lzm_A_117V 9.440000000000001 2.00 2.00
2lzm_A_38A 3.06 -0.77 -0.77
2lzm_A_38D -0.4400000000000001 -0.01 -0.01
2lzm_A_44A 0.8200000000000002 0.44 0.44
2lzm_A_115E -0.9999999999999993 0.03 0.03
2lzm_A_157A 1.4200000000000006 -0.90 -0.90
2lzm_A_157C 2.4400000000000004 -1.30 -1.30
2lzm_A_157D -2.92 -2.12 -2.12
2lzm_A_157E -3.1399999999999997 -1.22 -1.22
2lzm_A_157G 0.52 -1.10 -1.10
2lzm_A_157I 1.86 -1.79 -1.79
2lzm_A_157L 2.22 -1.63 -1.63
2lzm_A_157N -1.04 -0.99 -0.99
2lzm_A_157R 1.08 -0.54 -0.54
2lzm_A_103A -6.139999999999995 -1.91 -1.91
2lzm_A_131E -3.899999999999999 0.20 0.20
2lzm_A_131G -2.479999999999999 -0.68 -0.68
2lzm_A_131I -0.3199999999999995 0.16 0.16
2lzm_A_131L 0.18000000000000116 0.09 0.09
2lzm_A_131M -0.6999999999999985 0.12 0.12
2lzm_A_131S -2.7600000000000002 -0.05 -0.05
2lzm_A_131T -0.6400000000000001 -0.09 -0.09
2lzm_A_149A -2.999999999999999 -2.87 -2.87
2lzm_A_149C -1.4799999999999993 -2.20 -2.20
2lzm_A_138Y -6.620000000000001 -2.62 -2.62
2lzm_A_25G -9.18 -4.55 -4.55
2nvh_A_8A -3.9799999999999978 -2.02 -2.02
2nvh_A_8S -13.579999999999997 -3.74 -3.74
2nvh_A_97R 0.3400000000000004 -1.80 -1.80
2nvh_A_97V 3.2199999999999998 1.15 1.15
2nvh_A_10A -8.28 -3.90 -3.90
2nvh_A_6A -3.2400000000000007 -2.13 -2.13
2nvh_A_7D -2.26 0.09 0.09
2nvh_A_7G 2.800000000000001 -1.91 -1.91
2nvh_A_9G -1.52 -2.91 -2.91
2nvh_A_9L 9.120000000000003 -1.90 -1.90
2nvh_A_9Q -1.3799999999999994 -2.53 -2.53
2ocj_A_175H 0.9599999999999995 -3.47 -3.47
2ocj_A_248Q 1.1799999999999995 -2.03 -2.03
2ocj_A_249S -4.320000000000001 -1.81 -1.81
2ocj_A_273H -0.3199999999999993 -0.13 -0.13
2rn2_A_125T 0.36000000000000004 0.04 0.04
2rn2_A_24V 4.579999999999999 0.83 0.83
2rn2_A_52C 3.840000000000001 0.80 0.80
2rn2_A_52D -17.66000000000001 -1.90 -1.90
2rn2_A_52E -13.580000000000002 -1.50 -1.50
2rn2_A_52F 8.5 -0.50 -0.50
2rn2_A_52G -8.400000000000002 -2.70 -2.70
2rn2_A_52H -6.160000000000002 -3.60 -3.60
2rn2_A_52L 9.2 1.30 1.30
2rn2_A_52M 6.4999999999999964 0.50 0.50
2rn2_A_52Q -7.200000000000002 -1.20 -1.20
2rn2_A_52S -10.240000000000002 -1.80 -1.80
2rn2_A_52T -4.820000000000003 -0.80 -0.80
2rn2_A_52V 7.879999999999996 1.70 1.70
2rn2_A_52Y 7.099999999999995 -2.30 -2.30
2rn2_A_10A 7.379999999999999 3.40 3.40
2rn2_A_10E -3.2400000000000015 1.04 1.04
2rn2_A_10N 3.639999999999999 0.99 0.99
2rn2_A_134A 0.44000000000000183 1.42 1.42
2rn2_A_134E -1.66 0.81 0.81
2rn2_A_134H 2.1200000000000006 1.42 1.42
2rn2_A_134L 1.320000000000001 1.38 1.38
2rn2_A_134V 1.9800000000000015 0.83 0.83
2rn2_A_70A -0.21999999999999986 0.65 0.65
2rn2_A_70E 0.23999999999999982 0.25 0.25
2rn2_A_70N 0.02000000000000013 0.89 0.89
2rn2_A_94E 0.4600000000000002 -0.40 -0.40
2rn2_A_135K 1.38 -0.53 -0.53
2rn2_A_48A 5.420000000000002 -0.23 -0.23
2rn2_A_48D -0.580000000000001 -0.05 -0.05
2rn2_A_77A 4.420000000000002 -0.90 -0.90
2rn2_A_124A 1.12 0.17 0.17
2rn2_A_127A -0.6199999999999997 -0.32 -0.32
2rn2_A_62A -2.9599999999999995 0.44 0.44
2rn2_A_83A 0.7999999999999998 0.07 0.07
2rn2_A_53F -0.960000000000003 -3.90 -3.90
2rn2_A_53L 0.17999999999999905 -1.40 -1.40
2rn2_A_53V -1.5000000000000067 -0.20 -0.20
2rn2_A_117R -0.05999999999999889 0.00 0.00
2rn2_A_95A -0.35999999999999976 0.10 0.10
2rn2_A_95G 0.04000000000000009 1.83 1.83
2rn2_A_95N 0.8400000000000004 0.89 0.89
2rn2_A_80L 3.700000000000001 0.30 0.30
2rn2_A_41C -1.5800000000000005 0.33 0.33
2rn2_A_68G 0.5800000000000002 -2.17 -2.17
2rn2_A_68L 9.860000000000001 -0.82 -0.82
2rn2_A_68T 3.4199999999999995 -0.01 -0.01
2rn2_A_68V 7.239999999999998 0.70 0.70
2rn2_A_74I 0.4199999999999997 0.64 0.64
2trt_A_128E -4.4 0.31 0.31
2trx_A_32A -3.8399999999999994 -3.50 -3.50
2trx_A_26I 21.179999999999996 3.37 3.37
2trx_A_78R -16.480000000000004 -2.00 -2.00
2trx_A_66L 4.120000000000001 -1.03 -1.03
2trx_A_77V 8.5 -0.72 -0.72
2ts1_A_52L 0.6800000000000006 0.10 0.10
2ts1_A_105V -2.720000000000004 -3.15 -3.15
3eca_A_122A 0.8799999999999999 0.96 0.96
3eca_A_12A 1.98 0.00 0.00
3eca_A_12S -4.220000000000001 -0.24 -0.24
3gly_A_137A 2.84 -0.31 -0.31
3gly_A_251A 4.920000000000002 -0.14 -0.14
3gly_A_383A 3.8800000000000003 0.11 0.11
3hhr_A_74A 5.84 -0.95 -0.95
3hhr_A_74D 0.01999999999999985 -1.26 -1.26
3hhr_A_74L 10.839999999999998 -1.01 -1.01
3hhr_A_74Q 1.8800000000000003 -0.71 -0.71
3hhr_A_74S -0.7800000000000029 -1.01 -1.01
3hhr_A_71A 2.5399999999999996 -1.12 -1.12
3hhr_A_71Q 3.559999999999998 -1.37 -1.37
3hhr_A_71V 3.4400000000000004 -1.26 -1.26
3mbp_A_55N -0.4600000000000007 0.69 0.69
3mbp_A_19C 3.12 -2.15 -2.15
3mbp_A_345I 4.859999999999999 0.17 0.17
3mbp_A_8G -4.459999999999999 0.38 0.38
3mbp_A_10A -13.299999999999997 -4.31 -4.31
3mbp_A_283D -15.260000000000003 -2.30 -2.30
3pgk_A_194W 4.440000000000002 -1.12 -1.12
3pgk_A_399W 8.900000000000002 -2.56 -2.56
3pgk_A_308F -4.900000000000002 -2.46 -2.46
3pgk_A_308Y -5.6800000000000015 -1.06 -1.06
3pgk_A_333Y -10.180000000000001 -1.13 -1.13
3pgk_A_122W 4.140000000000002 -2.19 -2.19
3pgk_A_48W 1.0600000000000003 -1.62 -1.62
3sil_A_53L 3.5200000000000005 0.90 0.90
3sil_A_69V 1.4399999999999995 0.45 0.45
3ssi_A_103A -8.219999999999999 -1.13 -1.13
3ssi_A_103G -11.099999999999998 -3.46 -3.46
3ssi_A_103I -3.659999999999998 -1.01 -1.01
3ssi_A_103L 0.8000000000000012 0.08 0.08
3ssi_A_103V -4.179999999999999 -0.93 -0.93
3ssi_A_73A -1.8199999999999998 0.21 0.21
3ssi_A_73D -5.699999999999999 0.69 0.69
3ssi_A_73E -5.199999999999999 0.37 0.37
3ssi_A_73I -0.3799999999999993 -0.50 -0.50
3ssi_A_73K -3.72 0.23 0.23
3ssi_A_73L 0.3799999999999998 -0.16 -0.16
3ssi_A_73V -0.1000000000000002 -0.35 -0.35
3ssi_A_13A -3.580000000000002 -3.42 -3.42
3ssi_A_13F -0.2799999999999989 -2.78 -2.78
3ssi_A_13G -8.4 -4.96 -4.96
3ssi_A_13L 0.15999999999999892 -1.17 -1.17
3ssi_A_13M -1.4800000000000004 -2.86 -2.86
4lyz_A_31I 5.180000000000001 1.40 1.40
4lyz_A_31L 7.160000000000001 1.80 1.80
4lyz_A_31V 4.78 1.20 1.20
4lyz_A_94A -4.36 -4.78 -4.78
4lyz_A_101E 0.5800000000000003 0.00 0.00
4lyz_A_101F 4.239999999999998 0.72 0.72
4lyz_A_101G 0.5199999999999995 0.45 0.45
4lyz_A_101N -0.5600000000000007 0.04 0.04
4lyz_A_101Q 0.4599999999999995 -0.08 -0.08
4lyz_A_101R -0.18000000000000016 0.27 0.27
4lyz_A_35A 6.019999999999999 1.24 1.24
4lyz_A_35H 2.9999999999999964 -2.45 -2.45
4lyz_A_3Y 0.7600000000000018 -0.45 -0.45
4lyz_A_102A 0.9799999999999999 0.02 0.02
4lyz_A_117A -0.08000000000000024 -1.46 -1.46
4lyz_A_49A -2.1999999999999997 -1.91 -1.91
4lyz_A_49N 0.9600000000000005 -0.96 -0.96
4lyz_A_67A -0.9399999999999997 -1.19 -1.19
4lyz_A_15L 7.959999999999999 0.76 0.76
4lyz_A_55A -5.76 -4.40 -4.40
4lyz_A_55L 2.8200000000000007 -0.45 -0.45
4lyz_A_55M 0.9999999999999987 -2.27 -2.27
4lyz_A_55T -5.940000000000001 -4.12 -4.12
4lyz_A_55V -0.42000000000000104 -0.91 -0.91
4lyz_A_58M 2.899999999999998 -1.18 -1.18
4lyz_A_78M 0.3799999999999988 -0.90 -0.90
4lyz_A_98M 1.7599999999999985 -0.90 -0.90
4lyz_A_105T -6.099999999999999 -0.24 -0.24
4lyz_A_12F 4.6000000000000005 0.28 0.28
4lyz_A_19K 3.040000000000001 -1.06 -1.06
4lyz_A_46D 0.33999999999999986 -0.44 -0.44
4lyz_A_77H 2.999999999999999 -0.38 -0.38
4lyz_A_121H 0.5800000000000001 -0.45 -0.45
4lyz_A_114H 2.879999999999999 0.68 0.68
4lyz_A_21Q -1.0000000000000009 -0.15 -0.15
4lyz_A_68K -1.4800000000000004 -0.04 -0.04
4lyz_A_91A 9.68 -0.15 -0.15
4lyz_A_91D -2.6800000000000006 -2.31 -2.31
4lyz_A_91V 13.739999999999997 -0.08 -0.08
4lyz_A_91Y 12.519999999999998 -3.07 -3.07
4lyz_A_40S -4.84 -0.27 -0.27
4lyz_A_108Q -15.800000000000004 -3.95 -3.95
4lyz_A_108Y -7.260000000000002 -1.92 -1.92
5cro_A_36S -1.5400000000000005 0.20 0.20
5cro_A_16L 5.500000000000002 1.40 1.40
5cro_A_26C 0.8400000000000005 1.10 1.10
5cro_A_26D -6.300000000000001 1.35 1.35
5cro_A_26F 1.52 0.20 0.20
5cro_A_26H -4.880000000000001 0.95 0.95
5cro_A_26L 1.6000000000000003 0.55 0.55
5cro_A_26V 1.3000000000000007 0.45 0.45
5cro_A_26W 2.6000000000000005 -0.05 -0.05
5dfr_A_152E -6.220000000000002 -0.97 -0.97
5dfr_A_85S -10.96 -0.97 -0.97
5dfr_A_122A -0.11999999999999961 -1.00 -1.00
5dfr_A_27N 1.62 1.21 1.21
5dfr_A_139K 3.98 -1.59 -1.59
5dfr_A_139Q 2.9 -0.89 -0.89
5dfr_A_31A -6.600000000000001 -1.72 -1.72
5dfr_A_31V -3.9600000000000004 -1.46 -1.46
5dfr_A_121A 1.2199999999999998 -0.01 -0.01
5dfr_A_121H 1.7599999999999998 -0.56 -0.56
5dfr_A_121L 3.8399999999999994 -0.58 -0.58
5dfr_A_121S -0.20000000000000007 -0.08 -0.08
5dfr_A_121V 3.1799999999999997 -0.99 -0.99
5dfr_A_121Y 4.36 -0.51 -0.51
5dfr_A_15A 3.3199999999999985 0.44 0.44
5dfr_A_43A 4.54 -0.48 -0.48
5dfr_A_67A -0.12 -0.05 -0.05
5dfr_A_67C 0.4799999999999999 -0.51 -0.51
5dfr_A_67L -0.8400000000000003 -0.51 -0.51
5dfr_A_67T 0.2399999999999997 -0.62 -0.62
5dfr_A_67V -0.8600000000000003 -0.70 -0.70
5dfr_A_155A -5.54 -2.99 -2.99
5dfr_A_155K -3.08 -2.69 -2.69
5dfr_A_155L 0.14000000000000146 -1.63 -1.63
5dfr_A_155Q -8.040000000000001 -3.01 -3.01
5dfr_A_155R -3.9400000000000004 -2.65 -2.65
5dfr_A_155S -10.860000000000001 -3.09 -3.09
5dfr_A_155T -7.26 -2.53 -2.53
5dfr_A_155V 0.16000000000000036 -0.03 -0.03
5dfr_A_155Y 1.8600000000000025 -2.85 -2.85
5dfr_A_61L 2.139999999999998 -0.36 -0.36
5dfr_A_61V 0.8399999999999993 -0.83 -0.83
5dfr_A_91L 2.7 -1.50 -1.50
5dfr_A_91V 0.9199999999999986 -1.34 -1.34
5dfr_A_94L 2.7400000000000038 -0.63 -0.63
5dfr_A_94V -2.220000000000002 -0.67 -0.67
5dfr_A_112I -1.8399999999999994 -0.25 -0.25
5dfr_A_112V -3.6400000000000023 -1.39 -1.39
5dfr_A_24V -1.0600000000000005 -1.29 -1.29
5dfr_A_59C 9.959999999999997 0.24 0.24
5dfr_A_59G 3.3199999999999985 -2.01 -2.01
5dfr_A_59I 13.319999999999997 0.13 0.13
5dfr_A_59K -0.24000000000000232 -1.55 -1.55
5dfr_A_59L 13.999999999999998 0.01 0.01
5dfr_A_59M 14.039999999999996 -0.14 -0.14
5dfr_A_59Q 4.54 -0.35 -0.35
5dfr_A_59T 4.999999999999997 -0.05 -0.05
5dfr_A_59W 21.92 -0.79 -0.79
5dfr_A_148A 1.04 -0.42 -0.42
5dfr_A_148K 3.5 -0.38 -0.38
5dfr_A_148R 3.1399999999999997 -0.66 -0.66
5dfr_A_148V 2.119999999999999 -0.35 -0.35
5dfr_A_35A -0.279999999999999 -1.10 -1.10
5dfr_A_40A -4.16 -1.59 -1.59
5dfr_A_40H -7.840000000000001 -2.76 -2.76
5dfr_A_40I -0.780000000000002 -0.50 -0.50
5dfr_A_40L 3.2999999999999985 -0.78 -0.78
5dfr_A_40M 1.4800000000000009 -1.27 -1.27
5dfr_A_40N -11.500000000000004 -1.82 -1.82
5dfr_A_40R -10.320000000000004 -1.38 -1.38
5dfr_A_40S -11.120000000000001 -2.04 -2.04
5dfr_A_75A -3.460000000000001 -0.05 -0.05
5dfr_A_75I 0.5199999999999997 -1.65 -1.65
5dfr_A_75R -7.120000000000003 -2.00 -2.00
5dfr_A_75S -8.520000000000001 -0.80 -0.80
5dfr_A_75Y -0.20000000000000184 -1.80 -1.80
5dfr_A_88I -1.6000000000000003 -0.49 -0.49
5dfr_A_22L -8.64 -0.31 -0.31
5dfr_A_30A -12.98 -2.03 -2.03
5dfr_A_30E -17.06 -2.42 -2.42
5dfr_A_30H -15.120000000000001 -2.44 -2.44
5dfr_A_30R -14.8 -2.09 -2.09
5dfr_A_30Y -6.260000000000001 -1.79 -1.79
5dfr_A_74F -5.0 -1.20 -1.20
5pti_A_16T -1.680000000000001 -1.70 -1.70
5pti_A_16V 1.859999999999999 -1.30 -1.30
5pti_A_22A -6.540000000000001 -1.11 -1.11
5pti_A_33I -2.68 -2.40 -2.40
5pti_A_33L -0.7000000000000011 -2.70 -2.70
5pti_A_4L -3.64 -2.20 -2.20
5pti_A_12D -0.9600000000000009 -4.30 -4.30
5pti_A_12V 2.5400000000000005 -4.10 -4.10
5pti_A_36D -3.5400000000000005 -2.80 -2.80
5pti_A_36S -3.9600000000000004 -0.70 -0.70
5pti_A_37A 1.5400000000000005 -3.01 -3.01
5pti_A_37D -2.400000000000001 -1.70 -1.70
5pti_A_44G -0.04000000000000048 -4.70 -4.70
5pti_A_10L -4.380000000000001 -2.90 -2.90
5pti_A_21A -4.82 -3.90 -3.90
5pti_A_35A -4.8000000000000025 -4.70 -4.70
5pti_A_35D -11.080000000000002 -3.80 -3.80
5pti_A_35F 0.5599999999999987 -0.60 -0.60
5pti_A_35G -6.340000000000002 -5.00 -5.00
5pti_A_35N -12.379999999999999 -3.70 -3.70
