1a43_A_218S -13.620000000000001 -3.70 -3.70
1a5e_A_121R -3.84 0.55 0.55
1a5e_A_37S -7.039999999999999 0.81 0.81
1a5e_A_15D -11.96 0.19 0.19
1aep_A_14K -15.959999999999999 -1.18 -1.18
1aep_A_141A 2.2400000000000007 -1.03 -1.03
1aep_A_28A 4.5799999999999965 0.48 0.48
1ag2_A_200K -0.4599999999999993 -0.23 -0.23
1ag2_A_175W 2.9799999999999924 -0.05 -0.05
1ag2_A_198S -6.540000000000003 -2.15 -2.15
1ag2_A_129V 0.15999999999999825 -0.11 -0.11
1ag2_A_208H 3.619999999999999 -1.05 -1.05
1ag2_A_190V 4.699999999999999 0.19 0.19
1ag2_A_180I -2.739999999999999 -0.25 -0.25
1ag2_A_210I -7.260000000000001 -0.07 -0.07
1aj3_A_102G -3.62 -2.60 -2.60
1aj3_A_54G -3.16 -1.10 -1.10
1aj3_A_58G -2.6799999999999997 -1.10 -1.10
1aj3_A_17A 6.6000000000000005 -0.20 -0.20
1aj3_A_68A 5.12 -0.10 -0.10
1aj3_A_93G 2.759999999999999 -0.30 -0.30
1aj3_A_25A 3.8399999999999994 0.10 0.10
1aj3_A_25G -0.6200000000000004 -1.10 -1.10
1aj3_A_12A -9.379999999999999 -3.70 -3.70
1aj3_A_12L -4.02 -1.30 -1.30
1aj3_A_91A -11.76 -2.80 -2.80
1aj3_A_91L -1.8600000000000019 0.50 0.50
1aj3_A_10A -2.64 0.50 0.50
1aj3_A_10G -3.6999999999999997 -0.50 -0.50
1aj3_A_49A 0.18000000000000083 -1.40 -1.40
1aj3_A_59A -3.9800000000000004 -2.30 -2.30
1aj3_A_23A -14.419999999999996 -3.60 -3.60
1aj3_A_23V -7.879999999999996 -1.60 -1.60
1aj3_A_63V -1.9000000000000008 -0.60 -0.60
1aj3_A_84A -9.38 -2.00 -2.00
1aj3_A_47A 9.400000000000002 0.40 0.40
1aj3_A_47G 8.22 -0.50 -0.50
1aj3_A_72A 4.839999999999999 -0.10 -0.10
1aj3_A_96A 4.76 -0.40 -0.40
1aj3_A_45A -1.8399999999999994 -0.20 -0.20
1aj3_A_52A -6.779999999999999 -2.80 -2.80
1aj3_A_56A -7.34 -3.80 -3.80
1aj3_A_73A -2.62 -2.40 -2.40
1aj3_A_88A -12.14 -2.80 -2.80
1aj3_A_16A -6.12 -2.20 -2.20
1aj3_A_44A -0.5599999999999995 0.20 0.20
1aj3_A_44G -4.260000000000001 -0.40 -0.40
1aj3_A_100A 3.880000000000001 0.40 0.40
1aj3_A_64A 3.4799999999999995 -0.70 -0.70
1aj3_A_64G -1.3200000000000007 -1.80 -1.80
1aj3_A_86A 4.900000000000001 0.00 0.00
1aj3_A_86G -0.09999999999999809 -1.30 -1.30
1aj3_A_14A -1.9199999999999997 -0.30 -0.30
1aj3_A_51A 1.18 0.30 0.30
1aj3_A_51G -2.1000000000000005 -0.60 -0.60
1aj3_A_21A 1.3199999999999998 0.50 0.50
1aj3_A_40A 0.6600000000000004 0.30 0.30
1aj3_A_30A -5.42 -0.20 -0.20
1aj3_A_66A -8.100000000000001 -2.30 -2.30
1aj3_A_22F -4.440000000000003 -1.31 -1.31
1aj3_A_95F -0.9199999999999978 -2.10 -2.10
1aky_A_213F 1.2000000000000017 -1.91 -1.91
1aky_A_169D -5.52 -2.15 -2.15
1aky_A_48E -1.26 -0.96 -0.96
1aky_A_110H 1.6599999999999988 -2.13 -2.13
1aky_A_77H -0.03999999999999829 -0.90 -0.90
1am7_A_48N -6.72 -5.00 -5.00
1amq_A_191A -8.919999999999998 -1.12 -1.12
1amq_A_191R -6.5200000000000005 -1.69 -1.69
1amq_A_191S -8.88 -1.44 -1.44
1amq_A_191W -2.7799999999999976 -2.25 -2.25
1amq_A_191Y -1.3799999999999992 -1.05 -1.05
1amq_A_192A -9.940000000000001 -1.21 -1.21
1amq_A_192S -12.0 -0.99 -0.99
1amq_A_270A -11.899999999999999 -1.68 -1.68
1amq_A_401A -7.660000000000001 1.06 1.06
1amq_A_82S -14.699999999999998 -2.44 -2.44
1ank_A_84H 9.979999999999999 -1.40 -1.40
1ank_A_86L -0.9600000000000052 -0.80 -0.80
1ank_A_85V 8.02 -2.40 -2.40
1ank_A_88G -5.279999999999999 -0.10 -0.10
1aon_U_3C 4.859999999999999 -0.44 -0.44
1aon_U_3W 3.1800000000000015 -0.25 -0.25
1aon_U_48W 3.7600000000000007 -0.20 -0.20
1aon_U_95C -2.3000000000000003 -0.25 -0.25
1aps_A_30G -4.440000000000001 -1.65 -1.65
1aps_A_83D 2.4600000000000013 -1.51 -1.51
1aps_A_22L -0.2200000000000003 -1.29 -1.29
1aps_A_45A 6.56 -1.73 -1.73
1aps_A_75V 4.1 -1.41 -1.41
1aps_A_86V -1.6199999999999992 -1.57 -1.57
1aps_A_78S -5.539999999999999 -1.41 -1.41
1aps_A_17A -1.6600000000000001 -1.84 -1.84
1aps_A_20A -8.919999999999996 -0.28 -0.28
1aps_A_36A -7.719999999999996 -2.54 -2.54
1aps_A_39A -11.62 -1.63 -1.63
1aps_A_47A -4.439999999999999 -1.87 -1.87
1aps_A_38F -3.040000000000001 -0.02 -0.02
1aps_A_64A -8.500000000000002 -1.50 -1.50
1aps_A_11F -3.7599999999999945 1.04 1.04
1aps_A_11I -6.7599999999999945 -2.24 -2.24
1aps_A_25A -10.979999999999999 0.10 0.10
1arr_A_20G 4.299999999999999 -1.35 -1.35
1arr_A_17G 1.5999999999999996 -0.57 -0.57
1arr_A_27G 0.3399999999999985 -0.43 -0.43
1arr_A_48G -0.10000000000000014 -1.14 -1.14
1arr_A_24G 0.09999999999999898 -1.23 -1.23
1arr_A_46G 1.5199999999999998 -0.73 -0.73
1arr_A_47G 0.23999999999999966 -0.57 -0.57
1arr_A_19Q -11.940000000000001 -0.90 -0.90
1arr_A_34G -0.5999999999999999 0.23 0.23
1arr_A_39G 1.9600000000000004 -0.65 -0.65
1arr_A_13G -1.7200000000000002 0.27 0.27
1arr_A_23G -4.420000000000003 -1.04 -1.04
1azp_A_30I -0.76 0.70 0.70
1b26_A_193A 7.520000000000001 0.38 0.38
1b8e_A_19Y -10.939999999999996 -3.45 -3.45
1blc_A_179N 8.180000000000003 -0.44 -0.44
1bni_A_32C 2.02 -1.42 -1.42
1bni_A_32D -5.28 -0.56 -0.56
1bni_A_32E -5.120000000000001 -0.24 -0.24
1bni_A_32F -1.2399999999999998 -0.56 -0.56
1bni_A_32G -2.8000000000000003 -0.82 -0.82
1bni_A_32M 0.40000000000000013 -0.19 -0.19
1bni_A_32N -1.4 -0.51 -0.51
1bni_A_32Q -3.74 -0.43 -0.43
1bni_A_32R -3.68 -0.15 -0.15
1bni_A_32S -3.0000000000000004 -0.28 -0.28
1bni_A_32T -1.1999999999999997 -0.64 -0.64
1bni_A_32V 2.399999999999999 -0.62 -0.62
1bni_A_32W -0.7600000000000006 -1.07 -1.07
1bni_A_32Y 0.31999999999999973 -0.75 -0.75
1bni_A_12A 7.360000000000004 -0.09 -0.09
1bni_A_12G 4.320000000000002 -0.76 -0.76
1bni_A_12S 1.6600000000000033 -0.77 -0.77
1bni_A_54A 3.1400000000000006 -3.04 -3.04
1bni_A_54N 1.4200000000000037 -2.42 -2.42
1bni_A_8A 4.080000000000004 -0.80 -0.80
1bni_A_8S 0.40000000000000147 -0.84 -0.84
1bni_A_93N 0.20000000000000062 -4.03 -4.03
1bni_A_29A 5.0 -1.28 -1.28
1bni_A_29Q 2.6799999999999993 -0.11 -0.11
1bni_A_73A 7.100000000000002 -2.40 -2.40
1bni_A_73F 14.180000000000001 -2.10 -2.10
1bni_A_73Q -0.4199999999999988 -2.70 -2.70
1bni_A_73W 21.120000000000005 -2.20 -2.20
1bni_A_7L 2.1400000000000023 -4.35 -4.35
1bni_A_34A 2.3600000000000008 -2.91 -2.91
1bni_A_34D -5.719999999999999 -3.30 -3.30
1bni_A_34H 1.16 -2.62 -2.62
1bni_A_34K -1.880000000000001 -2.91 -2.91
1bni_A_34N 2.7399999999999998 -2.72 -2.72
1bni_A_34S -1.8800000000000003 -3.05 -3.05
1bni_A_34T 6.38378239159465e-16 -3.28 -3.28
1bni_A_53A 5.720000000000001 -3.40 -3.40
1bni_A_65S -2.7399999999999998 0.74 0.74
1bni_A_18D -9.139999999999997 -2.38 -2.38
1bni_A_18G -4.3599999999999985 -0.65 -0.65
1bni_A_18K -7.699999999999998 -1.05 -1.05
1bni_A_18Q -3.8399999999999985 -1.52 -1.52
1bni_A_18R -5.919999999999997 -1.09 -1.09
1bni_A_18S -7.119999999999998 -2.19 -2.19
1bni_A_109V -3.6799999999999966 -0.80 -0.80
1bni_A_25A -7.98 -3.59 -3.59
1bni_A_25V -0.5999999999999988 -1.05 -1.05
1bni_A_4A -2.059999999999998 -1.11 -1.11
1bni_A_51A -6.939999999999999 -4.71 -4.71
1bni_A_55A -4.0 -1.29 -1.29
1bni_A_55V 0.21999999999999975 -0.37 -0.37
1bni_A_76A -5.6599999999999975 -1.71 -1.71
1bni_A_76T -4.259999999999998 -2.64 -2.64
1bni_A_76V 2.9600000000000017 -0.87 -0.87
1bni_A_88L -0.4600000000000004 -0.16 -0.16
1bni_A_88V 0.1400000000000008 -1.41 -1.41
1bni_A_96A -11.679999999999998 -3.31 -3.31
1bni_A_96V -2.159999999999997 -0.97 -0.97
1bni_A_19R 1.0400000000000016 0.54 0.54
1bni_A_27A 1.9000000000000004 0.44 0.44
1bni_A_27G -3.6399999999999975 -0.30 -0.30
1bni_A_62R 0.6799999999999995 -0.35 -0.35
1bni_A_66A 1.1800000000000002 0.59 0.59
1bni_A_14A -11.139999999999997 -4.51 -4.51
1bni_A_33Q -10.96 -1.34 -1.34
1bni_A_89V -2.099999999999999 -0.30 -0.30
1bni_A_23A 1.840000000000002 -2.27 -2.27
1bni_A_41D -7.540000000000001 -2.54 -2.54
1bni_A_58A -0.4600000000000021 -2.27 -2.27
1bni_A_5A 0.48000000000000265 -1.83 -1.83
1bni_A_77A -3.119999999999999 -1.63 -1.63
1bni_A_84A -0.1599999999999998 -1.94 -1.94
1bni_A_104A 1.22 -0.13 -0.13
1bni_A_31A 3.439999999999999 -0.03 -0.03
1bni_A_31G 1.4800000000000002 -1.04 -1.04
1bni_A_31S 1.6400000000000012 0.00 0.00
1bni_A_110A 1.8000000000000007 -0.10 -0.10
1bni_A_59A 0.4600000000000003 0.64 0.64
1bni_A_69K -4.2200000000000015 -3.20 -3.20
1bni_A_69S 1.5000000000000004 -2.83 -2.83
1bni_A_83K -5.551115123125783e-16 -4.43 -4.43
1bni_A_83Q -3.060000000000002 -1.47 -1.47
1bni_A_28A 1.9199999999999995 0.50 0.50
1bni_A_57A 3.060000000000001 0.15 0.15
1bni_A_85A 2.1799999999999997 0.08 0.08
1bni_A_91A 4.399999999999999 -1.84 -1.84
1bni_A_92A 1.6600000000000006 -2.89 -2.89
1bni_A_105V 2.5 -2.21 -2.21
1bni_A_16G -1.7599999999999993 -1.48 -1.48
1bni_A_16R -4.639999999999999 0.24 0.24
1bni_A_16S -3.38 -1.66 -1.66
1bni_A_26A 1.6000000000000012 -1.95 -1.95
1bni_A_26D -4.34 -0.04 -0.04
1bni_A_26E -5.299999999999999 -0.05 -0.05
1bni_A_26G -3.4599999999999995 -1.48 -1.48
1bni_A_26N -1.2399999999999993 -1.29 -1.29
1bni_A_26Q -2.7600000000000007 -1.72 -1.72
1bni_A_26S -2.12 -0.56 -0.56
1bni_A_26V 5.840000000000002 -2.31 -2.31
1bni_A_6A 2.660000000000002 -2.21 -2.21
1bni_A_6D -5.039999999999998 0.11 0.11
1bni_A_6E -3.54 -0.27 -0.27
1bni_A_6N 0.10000000000000153 -1.27 -1.27
1bni_A_6Q -2.3799999999999994 -1.87 -1.87
1bni_A_6S -3.26 -0.22 -0.22
1bni_A_79V 2.520000000000001 0.24 0.24
1bni_A_99V 8.399999999999999 -2.87 -2.87
1bni_A_10A -8.979999999999997 -3.46 -3.46
1bni_A_36A -3.919999999999999 -1.40 -1.40
1bni_A_36T -4.859999999999999 -1.11 -1.11
1bni_A_94F -2.4199999999999977 -1.04 -1.04
1bni_A_94L -3.4799999999999978 -1.12 -1.12
1bni_A_94Y -5.96 -1.24 -1.24
1bni_A_103F -0.26000000000000034 -0.06 -0.06
1bni_A_17A -1.0799999999999994 -2.12 -2.12
1bni_A_17F 1.78 -0.44 -0.44
1bni_A_17S -4.219999999999999 -2.28 -2.28
1bni_A_24F -7.280000000000001 0.05 0.05
1bni_A_78F -6.220000000000001 -1.35 -1.35
1boy_A_200W 11.12 0.60 0.60
1bta_A_40A -4.579999999999999 0.10 0.10
1bta_A_82A -2.860000000000002 -0.10 -0.10
1bta_A_57K 1.2600000000000005 -0.70 -0.70
1bta_A_21A 10.859999999999998 -1.04 -1.04
1bta_A_22Q 3.680000000000003 -0.79 -0.79
1bta_A_60E -4.700000000000001 -1.17 -1.17
1bta_A_60L 8.14 0.55 0.55
1bta_A_78Q -2.6799999999999997 0.38 0.38
1bta_A_75L 10.219999999999999 0.75 0.75
1bta_A_75Q -0.11999999999999844 -0.37 -0.37
1bvc_A_130K -8.800000000000002 -2.17 -2.17
1bvc_A_123K -12.099999999999998 -2.10 -2.10
1bvc_A_123T -7.819999999999998 -2.62 -2.62
1bvc_A_113Q -6.940000000000004 -0.26 -0.26
1bvc_A_119F 6.240000000000001 -0.68 -0.68
1bvc_A_36Q -10.94 -0.83 -0.83
1bvc_A_93G -6.359999999999999 0.04 0.04
1bvc_A_111A -11.340000000000002 -1.80 -1.80
1bvc_A_111L -1.1200000000000019 -0.60 -0.60
1bvc_A_142A -11.940000000000001 -1.10 -1.10
1bvc_A_142M -12.68 0.90 0.90
1bvc_A_142V -2.819999999999999 -0.10 -0.10
1bvc_A_28A -8.28 -0.86 -0.86
1bvc_A_28M -6.359999999999999 -0.60 -0.60
1bvc_A_28V 2.4600000000000017 0.00 0.00
1bvc_A_135I -5.620000000000002 -1.50 -1.50
1bvc_A_135M -10.260000000000002 -0.80 -0.80
1bvc_A_135V -4.12 -2.20 -2.20
1bvc_A_29A -10.620000000000001 -0.63 -0.63
1bvc_A_29I -6.259999999999996 -1.10 -1.10
1bvc_A_29M -8.18 0.10 0.10
1bvc_A_32A -10.360000000000001 -0.92 -0.92
1bvc_A_49I 1.0600000000000027 -0.80 -0.80
1bvc_A_69A -13.120000000000005 -1.20 -1.20
1bvc_A_69I -4.100000000000001 0.00 0.00
1bvc_A_69V -1.8000000000000036 -0.10 -0.10
1bvc_A_68T -11.779999999999996 -0.60 -0.60
1bvc_A_14F -2.7199999999999975 -1.10 -1.10
1bvc_A_7F -2.4599999999999973 -0.90 -0.90
1c9o_A_21A 3.300000000000001 -0.29 -0.29
1c9o_A_36K -4.440892098500626e-16 -0.45 -0.45
1c9o_A_46A 6.479999999999999 0.01 0.01
1c9o_A_46K -4.02 -0.57 -0.57
1c9o_A_50K 0.5599999999999994 -0.58 -0.58
1c9o_A_50W 7.619999999999999 0.07 0.07
1c9o_A_38W 0.3999999999999998 0.24 0.24
1c9o_A_29E -10.719999999999999 -0.61 -0.61
1c9o_A_66E -6.62 -0.97 -0.97
1c9o_A_11S -4.760000000000001 0.11 0.11
1c9o_A_55K -1.82 -0.03 -0.03
1c9o_A_53E -3.7200000000000015 -0.03 -0.03
1c9o_A_3E -4.299999999999999 -1.46 -1.46
1c9o_A_3K -5.179999999999999 -0.19 -0.19
1c9o_A_3L 8.34 -0.11 -0.11
1c9o_A_56E -3.94 0.69 0.69
1c9o_A_24D -3.88 0.17 0.17
1c9o_A_31S -1.560000000000001 0.10 0.10
1c9o_A_64T -7.300000000000001 -0.30 -0.30
1c9o_A_15F -5.18 -0.05 -0.05
1cah_A_206S -13.920000000000002 2.35 2.35
1cey_A_101G -3.060000000000001 -0.95 -0.95
1cey_A_113G -5.459999999999999 -0.75 -0.75
1cey_A_48G -2.82 0.06 0.06
1cey_A_74G -2.419999999999999 -0.31 -0.31
1cey_A_77G 0.4000000000000001 -0.31 -0.31
1cey_A_90G -3.7400000000000007 0.35 0.35
1cey_A_99G -4.740000000000002 -0.48 -0.48
1cey_A_12A 11.04 2.50 2.50
1cey_A_13A 8.44 2.70 2.70
1cey_A_14N -4.26 2.64 2.64
1chk_A_101F -3.5200000000000005 -4.27 -4.27
1chk_A_28F -1.7000000000000002 -4.43 -4.43
1cse_I_27A -5.199999999999999 -0.16 -0.16
1cse_I_14A -7.880000000000003 -1.04 -1.04
1cse_I_18A -2.1199999999999997 -1.20 -1.20
1cse_I_54A -12.100000000000005 -1.58 -1.58
1cse_I_62A -9.580000000000007 -1.01 -1.01
1csp_A_46E -7.06 -0.59 -0.59
1csp_A_46K -9.12 1.41 1.41
1csp_A_25Q 1.8800000000000006 -0.79 -0.79
1csp_A_3K -1.8600000000000032 2.75 2.75
1csp_A_3L 11.239999999999998 1.59 1.59
1csp_A_3Q -0.22000000000000342 1.14 1.14
1csp_A_3R 4.819999999999998 1.77 1.77
1csp_A_43S 1.5000000000000007 0.29 0.29
1csp_A_50Q 2.8600000000000008 -1.16 -1.16
1csp_A_66L 7.300000000000001 1.60 1.60
1csp_A_17A -5.02 -1.47 -1.47
1csp_A_27A -5.179999999999998 -0.84 -0.84
1csp_A_1R -1.6 1.75 1.75
1csp_A_10D -4.080000000000003 0.38 0.38
1csp_A_56Q -1.0 0.28 0.28
1csp_A_48E -1.3400000000000034 0.04 0.04
1csp_A_48R 5.12 1.58 1.58
1cun_A_119G -5.580000000000001 -1.75 -1.75
1cun_A_126G -6.38 -1.65 -1.65
1cun_A_156G -3.0800000000000005 -1.45 -1.45
1cun_A_173G -1.5600000000000007 -1.95 -1.95
1cun_A_206G -2.280000000000001 -2.25 -2.25
1cun_A_212G -2.06 -1.45 -1.45
1cun_A_117L 3.38 -2.55 -2.55
1cun_A_157L 1.179999999999999 -1.85 -1.85
1cun_A_198A 2.1599999999999993 0.45 0.45
1cun_A_164A -2.799999999999999 -2.35 -2.35
1cun_A_128A -11.959999999999999 -1.65 -1.65
1cun_A_128V -3.860000000000001 -2.85 -2.85
1cun_A_152A 7.52 -0.15 -0.15
1cun_A_152G 1.5400000000000005 -1.45 -1.45
1cun_A_203A -12.180000000000001 -4.05 -4.05
1cun_A_214A -4.879999999999997 -3.65 -3.65
1cun_A_193A 1.5799999999999992 -2.65 -2.65
1cun_A_115G 3.020000000000001 -1.15 -1.15
1cun_A_201G -0.14000000000000015 -0.95 -0.95
1cun_A_163A -1.399999999999998 0.15 0.15
1cun_A_163G -2.739999999999999 -0.85 -0.85
1dkt_A_18A 5.520000000000001 -0.81 -0.81
1dkt_A_11A 0.6800000000000002 0.62 0.62
1dkt_A_58L 3.6199999999999988 -0.23 -0.23
1dkt_A_71A -2.1000000000000005 -0.59 -0.59
1dkt_A_39A 1.6400000000000006 -0.60 -0.60
1dkt_A_9A 3.8999999999999995 -0.43 -0.43
1dkt_A_22A -12.339999999999998 -1.36 -1.36
1dkt_A_32A -10.800000000000002 -1.07 -1.07
1dkt_A_55G -9.280000000000001 -2.04 -2.04
1dkt_A_8A -5.339999999999999 -0.68 -0.68
1e65_A_82G -6.439999999999995 -3.11 -3.11
1e65_A_117G -8.62 -2.18 -2.18
1e65_A_46G -8.02 -2.50 -2.50
1e65_A_20A -11.000000000000004 -1.56 -1.56
1e65_A_20T -15.000000000000005 -2.39 -2.39
1e65_A_20V -2.9 -0.38 -0.38
1e65_A_81A -10.240000000000006 -2.39 -2.39
1e65_A_81T -10.16 -2.51 -2.51
1e65_A_81V -1.3999999999999995 -0.07 -0.07
1e65_A_125A -15.219999999999999 -0.72 -0.72
1e65_A_50T -21.119999999999997 -2.34 -2.34
1e65_A_50V -4.020000000000001 -0.36 -0.36
1e65_A_5A -7.460000000000001 0.00 0.00
1e65_A_95T -8.399999999999999 0.96 0.96
1ey0_A_102F 10.240000000000002 -1.71 -1.71
1ey0_A_102G -0.33999999999999875 -1.37 -1.37
1ey0_A_102V 13.300000000000004 -1.84 -1.84
1ey0_A_109G -5.319999999999999 -0.98 -0.98
1ey0_A_112C 6.739999999999998 -0.75 -0.75
1ey0_A_112F 8.92 -1.35 -1.35
1ey0_A_112G 0.3200000000000022 0.20 0.20
1ey0_A_12G -4.960000000000001 -2.37 -2.37
1ey0_A_12V 10.119999999999996 -0.89 -0.89
1ey0_A_130G 1.0400000000000011 -1.00 -1.00
1ey0_A_130V 7.540000000000002 -1.08 -1.08
1ey0_A_132G -0.8400000000000003 -3.60 -3.60
1ey0_A_17G -4.720000000000001 0.19 0.19
1ey0_A_58G -0.8199999999999998 -2.53 -2.53
1ey0_A_58V 10.220000000000002 -2.63 -2.63
1ey0_A_60C 10.12 -1.12 -1.12
1ey0_A_60F 7.540000000000001 -0.80 -0.80
1ey0_A_60V 9.379999999999999 -2.68 -2.68
1ey0_A_69T 1.2200000000000006 -3.03 -3.03
1ey0_A_69V 8.360000000000001 -2.80 -2.80
1ey0_A_90G -4.599999999999997 -1.92 -1.92
1ey0_A_90S -6.099999999999994 -2.24 -2.24
1ey0_A_94G -3.1400000000000015 -2.54 -2.54
1ey0_A_19A 11.559999999999999 -0.09 -0.09
1ey0_A_19N 9.200000000000001 0.07 0.07
1ey0_A_21A 11.2 0.83 0.83
1ey0_A_21G 7.3000000000000025 0.46 0.46
1ey0_A_21K 6.480000000000003 1.10 1.10
1ey0_A_21N 11.680000000000001 1.43 1.43
1ey0_A_40A 11.340000000000002 0.41 0.41
1ey0_A_77A 12.62 -2.39 -2.39
1ey0_A_77K 2.8600000000000003 -3.28 -3.28
1ey0_A_83A 5.420000000000001 -3.76 -3.76
1ey0_A_95G 3.4800000000000004 -2.93 -2.93
1ey0_A_101A 8.020000000000005 -1.36 -1.36
1ey0_A_101F 13.880000000000006 -2.74 -2.74
1ey0_A_101G 4.860000000000004 -2.47 -2.47
1ey0_A_10A 5.620000000000003 -1.34 -1.34
1ey0_A_10G 0.8000000000000014 -1.86 -1.86
1ey0_A_10K -3.0200000000000005 -1.98 -1.98
1ey0_A_10Q 3.7000000000000024 -0.97 -0.97
1ey0_A_122F 12.900000000000002 -0.44 -0.44
1ey0_A_122G 3.140000000000005 -1.99 -1.99
1ey0_A_122K -2.7399999999999975 -2.53 -2.53
1ey0_A_122Q 2.360000000000002 -1.52 -1.52
1ey0_A_129A 8.600000000000001 -2.20 -2.20
1ey0_A_129F 12.700000000000001 -3.88 -3.88
1ey0_A_129G 5.420000000000002 -3.72 -3.72
1ey0_A_135A 4.98 -0.73 -0.73
1ey0_A_135F 6.94 -1.10 -1.10
1ey0_A_135G 3.1200000000000006 -1.64 -1.64
1ey0_A_135Q 2.820000000000001 -0.71 -0.71
1ey0_A_43A 10.280000000000003 0.32 0.32
1ey0_A_43D 3.4600000000000004 0.20 0.20
1ey0_A_43G 6.66 0.59 0.59
1ey0_A_52A 7.200000000000001 -0.05 -0.05
1ey0_A_52G 4.1800000000000015 -0.27 -0.27
1ey0_A_57A 7.820000000000004 -0.10 -0.10
1ey0_A_57C 13.7 -0.64 -0.64
1ey0_A_57F 11.400000000000002 -0.79 -0.79
1ey0_A_57G 6.080000000000001 -1.41 -1.41
1ey0_A_57Q 6.800000000000001 -0.14 -0.14
1ey0_A_67F 11.259999999999998 -1.33 -1.33
1ey0_A_67Q 4.66 -0.57 -0.57
1ey0_A_73G 2.9400000000000026 -2.76 -2.76
1ey0_A_75A 7.5200000000000005 -1.69 -1.69
1ey0_A_75G 4.120000000000002 -3.43 -3.43
1ey0_A_75Q 3.2400000000000038 -0.61 -0.61
1ey0_A_75V 16.479999999999997 -2.31 -2.31
1ey0_A_34A -8.259999999999998 -3.80 -3.80
1ey0_A_61A -3.7399999999999993 -2.34 -2.34
1ey0_A_61G -7.640000000000003 -4.76 -4.76
1ey0_A_76A -5.479999999999997 -4.10 -4.10
1ey0_A_107A 8.84 -4.41 -4.41
1ey0_A_20A 7.840000000000005 -0.12 -0.12
1ey0_A_29A 3.880000000000001 -1.41 -1.41
1ey0_A_29C 9.06 -1.26 -1.26
1ey0_A_29F 8.540000000000001 -1.46 -1.46
1ey0_A_29V 7.620000000000001 -3.11 -3.11
1ey0_A_50A 7.120000000000001 0.16 0.16
1ey0_A_50F 9.0 -0.55 -0.55
1ey0_A_50V 8.74 -1.00 -1.00
1ey0_A_55A 7.32 -0.44 -0.44
1ey0_A_55V 13.32 -1.48 -1.48
1ey0_A_79A 3.04 -2.17 -2.17
1ey0_A_79D 0.6200000000000008 -2.28 -2.28
1ey0_A_79S -0.9799999999999989 -2.14 -2.14
1ey0_A_86V 7.040000000000001 -3.74 -3.74
1ey0_A_88A 5.48 0.19 0.19
1ey0_A_88V 14.24 -0.24 -0.24
1ey0_A_88W 20.36 -0.10 -0.10
1ey0_A_96A 4.040000000000002 -1.80 -1.80
1ey0_A_96F 7.200000000000001 -2.55 -2.55
1ey0_A_96V 8.0 -3.74 -3.74
1ey0_A_121A -0.6999999999999971 -2.92 -2.92
1ey0_A_121G -4.4599999999999955 -4.09 -4.09
1ey0_A_124A 0.6400000000000012 0.57 0.57
1ey0_A_124E -1.6999999999999982 0.46 0.46
1ey0_A_124G -1.5399999999999983 -0.52 -0.52
1ey0_A_124L 2.760000000000003 1.31 1.31
1ey0_A_124Q -2.799999999999999 0.69 0.69
1ey0_A_46A 0.6600000000000015 -0.45 -0.45
1ey0_A_46G -1.5599999999999996 -0.17 -0.17
1ey0_A_46Y 3.300000000000001 0.00 0.00
1ey0_A_8G -3.0999999999999983 -0.85 -0.85
1ey0_A_139A -2.42 -3.29 -3.29
1ey0_A_139G -3.4999999999999996 -4.22 -4.22
1ey0_A_139M -1.6400000000000001 -0.39 -0.39
1ey0_A_139V 4.8 -1.37 -1.37
1ey0_A_15A -2.1800000000000033 -2.73 -2.73
1ey0_A_15G -5.120000000000003 -3.43 -3.43
1ey0_A_15M -6.360000000000001 -0.15 -0.15
1ey0_A_18A -0.43999999999999817 -2.65 -2.65
1ey0_A_18G -3.099999999999999 -2.63 -2.63
1ey0_A_18L 1.56 -0.14 -0.14
1ey0_A_18M -5.759999999999998 -0.68 -0.68
1ey0_A_18V 1.5800000000000007 -0.96 -0.96
1ey0_A_72L -0.06000000000000161 -0.23 -0.23
1ey0_A_72M -7.940000000000003 -1.88 -1.88
1ey0_A_72V 2.48 -1.79 -1.79
1ey0_A_92A -13.44 -4.12 -4.12
1ey0_A_92L 1.3800000000000059 -0.60 -0.60
1ey0_A_92V 1.4800000000000013 -0.46 -0.46
1ey0_A_110A 7.780000000000001 -1.13 -1.13
1ey0_A_116A 6.32 0.69 0.69
1ey0_A_116G 5.140000000000001 1.05 1.05
1ey0_A_127A 6.3400000000000025 0.24 0.24
1ey0_A_127E 2.6000000000000005 0.13 0.13
1ey0_A_127G 3.92 -0.79 -0.79
1ey0_A_133F 10.139999999999999 -1.26 -1.26
1ey0_A_133G 7.200000000000001 -3.22 -3.22
1ey0_A_133Q 5.080000000000001 -0.44 -0.44
1ey0_A_134A 9.180000000000001 0.12 0.12
1ey0_A_134G 6.880000000000002 -0.79 -0.79
1ey0_A_136A 11.180000000000001 -0.75 -0.75
1ey0_A_136F 13.04 -0.97 -0.97
1ey0_A_136G 8.88 -0.02 -0.02
1ey0_A_16A 10.38 -0.06 -0.06
1ey0_A_16F 11.959999999999999 -0.38 -0.38
1ey0_A_16G 4.260000000000002 -0.76 -0.76
1ey0_A_24A 15.159999999999998 -0.34 -0.34
1ey0_A_24F 23.800000000000004 -0.40 -0.40
1ey0_A_28A 5.08 -0.70 -0.70
1ey0_A_28E 1.5200000000000011 -0.79 -0.79
1ey0_A_28F 6.739999999999998 -0.85 -0.85
1ey0_A_28G 4.360000000000001 -0.80 -0.80
1ey0_A_28Q 4.58 -0.28 -0.28
1ey0_A_45A 3.880000000000001 0.19 0.19
1ey0_A_45G 2.2200000000000006 0.20 0.20
1ey0_A_48A 7.300000000000001 0.09 0.09
1ey0_A_48E 7.42 0.10 0.10
1ey0_A_48F 9.92 -0.25 -0.25
1ey0_A_48G 6.5600000000000005 0.24 0.24
1ey0_A_48Q 7.640000000000001 -0.02 -0.02
1ey0_A_49A 8.1 -0.25 -0.25
1ey0_A_49F 10.76 0.20 0.20
1ey0_A_53A 4.900000000000001 -0.17 -0.17
1ey0_A_53G 0.9600000000000015 -0.08 -0.08
1ey0_A_63A 9.819999999999999 -0.32 -0.32
1ey0_A_63E 6.26 -1.47 -1.47
1ey0_A_63G 7.16 -1.57 -1.57
1ey0_A_63Q 7.499999999999998 -0.89 -0.89
1ey0_A_64F 12.42 -0.09 -0.09
1ey0_A_64G 6.359999999999999 -0.51 -0.51
1ey0_A_64Q 7.5 0.00 0.00
1ey0_A_6A 5.16 0.19 0.19
1ey0_A_6G 3.880000000000001 0.25 0.25
1ey0_A_70A 7.320000000000001 -0.16 -0.16
1ey0_A_70C 6.9 -0.48 -0.48
1ey0_A_70E 5.460000000000003 -0.30 -0.30
1ey0_A_71A 7.14 -0.55 -0.55
1ey0_A_71F 7.360000000000001 0.04 0.04
1ey0_A_71G 4.379999999999999 -1.31 -1.31
1ey0_A_78A 6.460000000000002 -0.50 -0.50
1ey0_A_78F 8.979999999999999 0.05 0.05
1ey0_A_78G 3.96 -1.07 -1.07
1ey0_A_78Q 5.040000000000001 -0.15 -0.15
1ey0_A_84A 4.200000000000001 0.10 0.10
1ey0_A_84E 0.14000000000000024 0.00 0.00
1ey0_A_84F 4.24 -0.75 -0.75
1ey0_A_84G 3.460000000000001 -0.39 -0.39
1ey0_A_84Q 3.000000000000001 -0.15 -0.15
1ey0_A_97E 2.0800000000000005 -0.47 -0.47
1ey0_A_97F 12.299999999999997 -0.58 -0.58
1ey0_A_97G 4.84 -1.85 -1.85
1ey0_A_97Q 7.5600000000000005 -0.30 -0.30
1ey0_A_9F 10.099999999999998 -1.03 -1.03
1ey0_A_103I -3.5199999999999974 -1.11 -1.11
1ey0_A_103V -0.8599999999999964 -2.05 -2.05
1ey0_A_108I 0.6400000000000008 -3.34 -3.34
1ey0_A_108V 0.700000000000001 -3.81 -3.81
1ey0_A_125A -9.819999999999999 -4.78 -4.78
1ey0_A_125I 4.020000000000003 -0.96 -0.96
1ey0_A_137G -4.0 -4.43 -4.43
1ey0_A_137V 4.780000000000002 -1.42 -1.42
1ey0_A_14A -5.200000000000001 -2.38 -2.38
1ey0_A_14G -12.62 -3.84 -3.84
1ey0_A_14I 2.7200000000000006 -1.60 -1.60
1ey0_A_14V 0.18000000000000105 -1.63 -1.63
1ey0_A_25A -11.419999999999995 -2.77 -2.77
1ey0_A_25G -17.2 -4.58 -4.58
1ey0_A_25I 1.9400000000000017 -1.83 -1.83
1ey0_A_25V 0.9000000000000021 -1.85 -1.85
1ey0_A_36A -9.979999999999997 -3.66 -3.66
1ey0_A_36I -0.8399999999999936 -3.09 -3.09
1ey0_A_36V 1.3200000000000074 -3.58 -3.58
1ey0_A_37G -7.359999999999996 -3.79 -3.79
1ey0_A_37I 1.940000000000008 -1.82 -1.82
1ey0_A_37V 5.180000000000008 -2.78 -2.78
1ey0_A_38G -10.959999999999994 -0.28 -0.28
1ey0_A_38I 4.860000000000009 -2.06 -2.06
1ey0_A_38V 4.400000000000005 -0.14 -0.14
1ey0_A_7A -0.37999999999999723 -1.35 -1.35
1ey0_A_7G -2.339999999999997 -1.26 -1.26
1ey0_A_7I 5.1400000000000015 -0.77 -0.77
1ey0_A_89A -2.8799999999999972 -2.60 -2.60
1ey0_A_89F 0.6000000000000032 -1.20 -1.20
1ey0_A_89I 2.6800000000000046 -1.04 -1.04
1ey0_A_89V 7.640000000000008 -1.42 -1.42
1ey0_A_26I 10.06 -0.84 -0.84
1ey0_A_26L 10.079999999999998 -0.31 -0.31
1ey0_A_32A -3.220000000000001 -1.81 -1.81
1ey0_A_32G -8.94 -2.54 -2.54
1ey0_A_32I 1.5200000000000022 -0.56 -0.56
1ey0_A_32L 3.8600000000000003 -0.76 -0.76
1ey0_A_65A 6.260000000000003 -2.06 -2.06
1ey0_A_65G 2.040000000000003 -4.66 -4.66
1ey0_A_65L 14.020000000000003 -0.73 -0.73
1ey0_A_98G -3.319999999999998 -4.44 -4.44
1ey0_A_98I 7.419999999999999 -4.39 -4.39
1ey0_A_98L 6.180000000000005 -2.30 -2.30
1ey0_A_100G -0.07999999999999496 -4.98 -4.98
1ey0_A_118A 2.020000000000005 -1.88 -1.88
1ey0_A_118D -8.78 -2.34 -2.34
1ey0_A_118G -1.8799999999999966 -1.61 -1.61
1ey0_A_119G -2.0799999999999983 -0.97 -0.97
1ey0_A_138A 6.3 -0.97 -0.97
1ey0_A_138G 1.260000000000001 0.59 0.59
1ey0_A_68A 4.44 -0.38 -0.38
1ey0_A_68G 2.7399999999999993 -0.35 -0.35
1ey0_A_106A 9.959999999999999 0.25 0.25
1ey0_A_106G 5.6800000000000015 -1.50 -1.50
1ey0_A_123A 7.380000000000003 -0.10 -0.10
1ey0_A_123F 11.220000000000002 -0.51 -0.51
1ey0_A_131A 7.720000000000001 -0.10 -0.10
1ey0_A_131G 6.18 -2.26 -2.26
1ey0_A_30A 0.9799999999999973 -0.25 -0.25
1ey0_A_30G -0.3400000000000003 -0.93 -0.93
1ey0_A_80F 6.500000000000002 -0.58 -0.58
1ey0_A_105A 8.680000000000003 -1.32 -1.32
1ey0_A_105C 12.500000000000002 -2.55 -2.55
1ey0_A_105G 4.560000000000002 -2.40 -2.40
1ey0_A_126A 6.6000000000000005 -1.64 -1.64
1ey0_A_126G 2.1600000000000015 -2.86 -2.86
1ey0_A_35A 4.16 -1.38 -1.38
1ey0_A_35G 0.020000000000001822 -2.26 -2.26
1ey0_A_81A 4.580000000000001 -1.10 -1.10
1ey0_A_81G 2.1600000000000006 -2.06 -2.06
1ey0_A_128A 9.200000000000001 0.83 0.83
1ey0_A_128G 5.900000000000002 -1.52 -1.52
1ey0_A_141A 7.640000000000001 -0.27 -0.27
1ey0_A_141G 3.8400000000000007 -0.82 -0.82
1ey0_A_59F 10.24 0.56 0.56
1ey0_A_120A 4.200000000000001 -1.08 -1.08
1ey0_A_120I 5.599999999999998 -1.54 -1.54
1ey0_A_120S -1.9399999999999988 -0.57 -0.57
1ey0_A_120V 6.340000000000001 -1.63 -1.63
1ey0_A_13A 5.18 -0.73 -0.73
1ey0_A_13I 10.219999999999999 -0.05 -0.05
1ey0_A_13V 12.540000000000004 -0.26 -0.26
1ey0_A_22A 5.34 -1.69 -1.69
1ey0_A_22C 8.679999999999998 -0.95 -0.95
1ey0_A_22G 1.3000000000000007 -2.54 -2.54
1ey0_A_22I 7.960000000000003 -0.61 -0.61
1ey0_A_22S -0.31999999999999895 -0.74 -0.74
1ey0_A_33A 4.68 -1.52 -1.52
1ey0_A_33G 3.2 -2.62 -2.62
1ey0_A_41C 5.179999999999999 0.74 0.74
1ey0_A_41G 0.7600000000000013 -1.79 -1.79
1ey0_A_41S 1.540000000000001 -0.88 -0.88
1ey0_A_41V 11.460000000000003 0.90 0.90
1ey0_A_44C 10.18 -0.04 -0.04
1ey0_A_44G 2.78 -0.37 -0.37
1ey0_A_44I 8.34 -0.56 -0.56
1ey0_A_44V 9.500000000000002 0.09 0.09
1ey0_A_62C 16.8 -1.05 -1.05
1ey0_A_62G 1.2400000000000027 -3.52 -3.52
1ey0_A_62I 18.120000000000008 -1.17 -1.17
1ey0_A_62S 3.2800000000000016 -2.15 -2.15
1ey0_A_62V 19.800000000000004 0.10 0.10
1ey0_A_82C 9.200000000000003 -0.19 -0.19
1ey0_A_82G 2.560000000000001 -2.03 -2.03
1ey0_A_82I 4.220000000000001 0.51 0.51
1ey0_A_82S -0.9200000000000003 -0.75 -0.75
1ey0_A_82V 8.7 0.24 0.24
1ey0_A_104A -9.679999999999996 -2.82 -2.82
1ey0_A_104I 1.0800000000000012 0.27 0.27
1ey0_A_104L 1.5200000000000011 -0.76 -0.76
1ey0_A_104S -16.54 -4.86 -4.86
1ey0_A_104T -10.519999999999996 -2.45 -2.45
1ey0_A_111G -11.199999999999996 -4.82 -4.82
1ey0_A_111I 3.460000000000003 -0.74 -0.74
1ey0_A_111L 1.1400000000000032 -0.88 -0.88
1ey0_A_111S -13.199999999999996 -4.71 -4.71
1ey0_A_111T -9.699999999999996 -2.36 -2.36
1ey0_A_114I -0.8799999999999975 -0.15 -0.15
1ey0_A_114S -11.0 -0.04 -0.04
1ey0_A_23F 5.980000000000004 -1.93 -1.93
1ey0_A_23I 5.879999999999999 0.03 0.03
1ey0_A_23S -9.519999999999998 -4.76 -4.76
1ey0_A_39A -8.219999999999995 -2.16 -2.16
1ey0_A_39I 2.5400000000000045 0.11 0.11
1ey0_A_39L 2.020000000000002 -0.90 -0.90
1ey0_A_39S -14.759999999999996 -2.44 -2.44
1ey0_A_39T -10.479999999999993 -1.55 -1.55
1ey0_A_51A 2.9 -0.05 -0.05
1ey0_A_51G 0.05999999999999939 -0.17 -0.17
1ey0_A_51I 3.520000000000001 0.09 0.09
1ey0_A_51L 3.1399999999999997 -0.10 -0.10
1ey0_A_51S -0.4200000000000004 0.01 0.01
1ey0_A_51T -0.05999999999999983 0.20 0.20
1ey0_A_66A -11.7 -2.34 -2.34
1ey0_A_66G -16.9 -4.49 -4.49
1ey0_A_66I 1.0800000000000014 -0.76 -0.76
1ey0_A_66K -21.060000000000002 -4.83 -4.83
1ey0_A_66L 4.559999999999999 0.37 0.37
1ey0_A_66M -10.300000000000006 -0.14 -0.14
1ey0_A_66S -16.159999999999997 -3.09 -3.09
1ey0_A_66T -12.14 -1.34 -1.34
1ey0_A_66W -1.2400000000000009 -2.69 -2.69
1ey0_A_74A -7.939999999999992 -3.23 -3.23
1ey0_A_74I 3.660000000000001 -1.91 -1.91
1ey0_A_74T -8.959999999999994 -3.88 -3.88
1ey0_A_99A -8.619999999999996 -3.35 -3.35
1ey0_A_99I 0.9399999999999995 -0.14 -0.14
1ey0_A_99L 3.1000000000000005 -0.15 -0.15
1ey0_A_99T -10.600000000000001 -3.36 -3.36
1ey0_A_113A 3.720000000000001 0.06 0.06
1ey0_A_113F 5.08 0.07 0.07
1ey0_A_113L 6.08 0.20 0.20
1ey0_A_115A -0.040000000000000036 -0.25 -0.25
1ey0_A_115F 2.76 -0.02 -0.02
1ey0_A_115G -0.9599999999999995 -0.56 -0.56
1ey0_A_115L 1.5600000000000018 -0.22 -0.22
1ey0_A_27A -10.579999999999997 -3.63 -3.63
1ey0_A_27C 1.7399999999999989 -2.72 -2.72
1ey0_A_27F 0.7799999999999973 -0.40 -0.40
1ey0_A_27I -1.0400000000000036 -2.28 -2.28
1ey0_A_27K -17.14 -3.78 -3.78
1ey0_A_27M -6.580000000000004 -1.94 -1.94
1ey0_A_27N -11.120000000000001 -3.83 -3.83
1ey0_A_27Q -9.760000000000003 -3.31 -3.31
1ey0_A_27R -9.339999999999998 -3.05 -3.05
1ey0_A_27S -11.0 -3.21 -3.21
1ey0_A_27T -10.84 -3.18 -3.18
1ey0_A_27V 1.4000000000000026 -2.65 -2.65
1ey0_A_27W -2.200000000000004 -0.72 -0.72
1ey0_A_54A -1.8600000000000008 -1.97 -1.97
1ey0_A_54F 0.9400000000000001 -0.38 -0.38
1ey0_A_54L 2.9199999999999995 -3.31 -3.31
1ey0_A_85F 2.8000000000000007 -0.07 -0.07
1ey0_A_85G 2.9800000000000004 -1.05 -1.05
1ey0_A_91F 4.380000000000001 -2.27 -2.27
1ey0_A_93F 1.48 -1.81 -1.81
1ey0_A_93L 1.9800000000000013 -4.53 -4.53
1fkj_A_60A 9.240000000000004 -1.71 -1.71
1fkj_A_60G 3.9000000000000035 -2.62 -2.62
1fkj_A_61A 6.900000000000003 -0.73 -0.73
1fkj_A_61G 4.160000000000003 -2.20 -2.20
1fkj_A_36A -8.399999999999999 -3.07 -3.07
1fkj_A_56A -11.3 -2.04 -2.04
1fkj_A_56D -18.400000000000002 -2.88 -2.88
1fkj_A_56T -12.899999999999999 -1.95 -1.95
1fkj_A_7V 0.4000000000000007 -0.90 -0.90
1fkj_A_91A -6.900000000000001 -1.33 -1.33
1fkj_A_91V 3.0 -0.10 -0.10
1fkj_A_106A -8.04 -2.08 -2.08
1fkj_A_50A -9.099999999999994 -2.22 -2.22
1fkj_A_57A -0.2799999999999988 -0.55 -0.55
1fkj_A_57G -5.140000000000001 -1.89 -1.89
1fkj_A_21A 2.1799999999999993 -1.24 -1.24
1fkj_A_21S -0.9599999999999996 -1.06 -1.06
1fkj_A_21V 9.520000000000001 0.56 0.56
1fkj_A_27A 0.8399999999999999 -1.71 -1.71
1fkj_A_27S 0.02000000000000024 -1.07 -1.07
1fkj_A_75V 11.42 -0.70 -0.70
1fkj_A_23A -6.959999999999999 -2.62 -2.62
1fkj_A_2A -4.119999999999999 -2.18 -2.18
1fkj_A_4A -5.359999999999999 -2.26 -2.26
1fkj_A_55A -6.0 -1.78 -1.78
1fkj_A_63A -16.339999999999996 -2.56 -2.56
1fkj_A_98A -4.700000000000001 -1.99 -1.99
1fkj_A_59F -7.0399999999999965 2.72 2.72
1fna_A_13G -3.14 -1.18 -1.18
1fna_A_57G -8.46 -2.49 -2.49
1fna_A_74G -0.4600000000000002 -1.56 -1.56
1fna_A_48A -2.660000000000001 -1.98 -1.98
1fna_A_20A -13.940000000000005 -0.65 -0.65
1fna_A_34A -12.300000000000006 -4.86 -4.86
1fna_A_34V -0.27999999999999925 -0.11 -0.11
1fna_A_59A -7.399999999999999 -3.33 -3.33
1fna_A_59V 1.8200000000000007 -0.72 -0.72
1fna_A_70A -11.540000000000001 -4.11 -4.11
1fna_A_70V -3.320000000000001 -1.28 -1.28
1fna_A_88A -3.2600000000000007 -0.67 -0.67
1fna_A_88V 1.8999999999999997 -0.33 -0.33
1fna_A_90V -0.580000000000001 -0.40 -0.40
1fna_A_18A -10.280000000000008 -0.99 -0.99
1fna_A_62A -6.139999999999999 -2.88 -2.88
1fna_A_8A -9.340000000000007 -1.81 -1.81
1fna_A_85A 2.3199999999999994 0.13 0.13
1fna_A_10A -8.320000000000006 -1.17 -1.17
1fna_A_29A -3.0400000000000005 -1.37 -1.37
1fna_A_66A -1.1000000000000016 -0.91 -0.91
1fna_A_72A -9.980000000000002 -3.17 -3.17
1fna_A_32L 7.999999999999998 -2.74 -2.74
1fna_A_68A -0.8399999999999996 -1.88 -1.88
1fna_A_68F 3.999999999999999 -2.14 -2.14
1fna_A_92A -0.4399999999999997 -1.11 -1.11
1fna_A_92F 3.4799999999999978 0.13 0.13
1ftg_A_84G -9.879999999999995 -1.90 -1.90
1ftg_A_126K 1.8800000000000008 0.81 0.81
1ftg_A_65K 4.340000000000001 -0.10 -0.10
1ftg_A_75K 5.339999999999999 1.03 1.03
1ftg_A_20K 1.3800000000000006 1.16 1.16
1ftg_A_40K 3.119999999999999 1.61 1.61
1ftg_A_61K 1.3199999999999992 0.51 0.51
1ftg_A_72K 4.400000000000002 1.41 1.41
1ftg_A_104V -0.5800000000000026 -0.57 -0.57
1ftg_A_156V -4.060000000000003 -3.16 -3.16
1ftg_A_22A -10.9 -1.70 -1.70
1ftg_A_22V 2.899999999999998 -1.66 -1.66
1ftg_A_143A -11.080000000000002 -0.17 -0.17
1ftg_A_6A -12.159999999999997 -3.11 -3.11
1ftg_A_97A 0.7200000000000005 -0.58 -0.58
1ftg_A_99A 1.5 1.59 1.59
1ftg_A_110A 7.539999999999998 -0.73 -0.73
1ftg_A_71A 4.040000000000001 -0.44 -0.44
1ftg_A_139A -9.2 -1.09 -1.09
1ftg_A_31A -7.760000000000001 -1.85 -1.85
1fvk_A_30S -18.96 -1.79 -1.79
1fvk_A_32L -2.609024107869118e-15 5.30 5.30
1fvk_A_32S -9.879999999999999 5.20 5.20
1fvk_A_32Y 0.7999999999999965 6.80 6.80
1g4i_A_106A -9.600000000000001 -1.23 -1.23
1g4i_A_106I 0.05999999999999772 0.95 0.95
1g4i_A_106Y 5.359999999999997 0.07 0.07
1g4i_A_22A -8.38 0.25 0.25
1g4i_A_22I -3.9000000000000004 1.43 1.43
1g4i_A_22Y -1.2599999999999993 0.83 0.83
1g4i_A_48A -6.980000000000002 -1.93 -1.93
1g6n_A_128A 5.799999999999999 -0.26 -0.26
1h7m_A_2A 3.6199999999999997 -0.53 -0.53
1h7m_A_44A 3.68 0.05 0.05
1h7m_A_48A 8.7 0.36 0.36
1h7m_A_87A 4.34 -1.36 -1.36
1h7m_A_47A 3.699999999999999 -0.05 -0.05
1h7m_A_62A 2.1199999999999997 -1.29 -1.29
1h7m_A_64A 0.32000000000000034 -0.26 -0.26
1h7m_A_90A -0.23999999999999982 -0.41 -0.41
1h7m_A_78A -4.28 -0.50 -0.50
1h7m_A_15A 3.859999999999998 -0.91 -0.91
1h7m_A_22A 3.2399999999999998 0.43 0.43
1h7m_A_28A 2.0800000000000005 -1.20 -1.20
1h7m_A_33A 5.640000000000001 0.12 0.12
1h7m_A_46A 0.47999999999999915 -1.10 -1.10
1h7m_A_9A 1.2200000000000013 -0.29 -0.29
1h7m_A_21A 3.020000000000001 0.07 0.07
1h7m_A_39A -1.3999999999999992 -0.07 -0.07
1h7m_A_42A -0.5600000000000003 0.33 0.33
1h7m_A_76A -1.139999999999999 0.19 0.19
1h7m_A_8A 0.1599999999999991 -0.77 -0.77
1h7m_A_92A 2.96 -0.31 -0.31
1hfz_A_106S -1.78 -1.05 -1.05
1hfz_A_107W -1.0 -1.72 -1.72
1hfz_A_32Y 1.5000000000000022 0.07 0.07
1hfz_A_59W 3.9999999999999982 -0.93 -0.93
1hfz_A_114E -4.48 -0.65 -0.65
1hfz_A_114N 1.3400000000000003 2.66 2.66
1hfz_A_114Q -3.66 -0.60 -0.60
1hfz_A_110E -7.699999999999998 -0.19 -0.19
1hfz_A_110R -8.539999999999997 0.43 0.43
1hfz_A_117A 3.599999999999999 -0.96 -0.96
1hfz_A_54A 4.06 -0.41 -0.41
1hfz_A_42A -1.9799999999999993 -0.93 -0.93
1hfz_A_42G -6.259999999999999 -1.15 -1.15
1hfz_A_42N -2.82 -0.24 -0.24
1hfz_A_118H -5.619999999999999 -0.60 -0.60
1hfz_A_103A -11.840000000000002 -2.39 -2.39
1hk0_X_56A -9.799999999999997 -1.20 -1.20
1hk0_X_145A -7.379999999999997 -2.60 -2.60
1hk0_X_147A -4.94 -1.10 -1.10
1hk0_X_143A 11.319999999999997 -0.40 -0.40
1hk0_X_54A 1.8600000000000008 0.50 0.50
1hme_A_35H 3.1999999999999984 -0.33 -0.33
1hme_A_34H -2.6400000000000015 -0.95 -0.95
1hme_A_33H 1.499999999999999 -1.85 -1.85
1hmk_A_30I 9.199999999999996 1.47 1.47
1hmk_A_30T -5.359999999999999 0.48 0.48
1hmk_A_87N 7.220000000000001 -1.14 -1.14
1hmk_A_55V 1.2600000000000016 -2.72 -2.72
1hmk_A_95V -2.0600000000000005 -1.72 -1.72
1hmk_A_93A 8.499999999999998 -1.72 -1.72
1hmk_A_105A -7.459999999999999 -0.28 -0.28
1hmk_A_110A -6.019999999999998 -0.35 -0.35
1hmk_A_12A -15.06 -2.73 -2.73
1hmk_A_52A -12.360000000000001 -3.22 -3.22
1hmk_A_29I 12.640000000000002 3.55 3.55
1hmk_A_29V 12.939999999999996 2.26 2.26
1hmk_A_33I 7.8 -0.64 -0.64
1hmk_A_38A -0.06000000000000022 -1.30 -1.30
1hmk_A_8A -9.580000000000002 -0.83 -0.83
1hmk_A_104F -2.139999999999996 -1.96 -1.96
1hmk_A_26F -0.07999999999999674 -2.11 -2.11
1hmk_A_60A -13.060000000000002 -2.01 -2.01
1hmk_A_103F -7.519999999999998 -2.13 -2.13
1hms_A_72S 0.43999999999999906 -3.67 -3.67
1hms_A_16S -8.74 -3.98 -3.98
1hms_A_4S -12.14 -3.67 -3.67
1hms_A_57S -3.32 -2.43 -2.43
1hms_A_67S 1.6799999999999975 -1.22 -1.22
1hms_A_21I 8.579999999999998 0.00 0.00
1hms_A_66G -14.580000000000002 -3.67 -3.67
1hms_A_126Q 1.0199999999999996 -0.31 -0.31
1hms_A_40E -1.5200000000000016 -2.40 -2.40
1hms_A_40V 10.019999999999996 -0.76 -0.76
1hms_A_8E -18.080000000000005 -3.82 -3.82
1hms_A_128F 2.099999999999999 -2.68 -2.68
1hti_A_179A 0.15999999999999942 0.05 0.05
1hti_A_179D -6.159999999999999 0.75 0.75
1hti_A_105D -4.340000000000001 -0.65 -0.65
1huu_A_56S -4.06 -0.13 -0.13
1iet_A_60R 7.859999999999999 0.14 0.14
1ifc_A_104C 9.7 1.32 1.32
1ifc_A_68A -5.860000000000001 -0.42 -0.42
1ifc_A_65A 5.279999999999998 -0.94 -0.94
1ifc_A_23C 7.779999999999999 0.51 0.51
1ifc_A_64A -8.019999999999998 -1.68 -1.68
1ifc_A_64G -10.939999999999998 -2.26 -2.26
1ifc_A_72C -1.1800000000000024 0.02 0.02
1ifc_A_89C -1.3600000000000012 -1.25 -1.25
1ifc_A_60C -0.280000000000004 -0.07 -0.07
1ifc_A_60N -7.760000000000003 -0.83 -0.83
1ifc_A_6Y 1.0800000000000018 -0.87 -0.87
1ifc_A_82Y 0.8400000000000036 -0.39 -0.39
1igv_A_19N 8.4 0.83 0.83
1igv_A_26Q -1.2200000000000004 -0.03 -0.03
1igv_A_10A -7.5000000000000036 -4.12 -4.12
1igv_A_66A -12.76 -4.20 -4.20
1igv_A_66W 0.3799999999999961 -0.93 -0.93
1igv_A_73V -1.3200000000000003 -1.34 -1.34
1igv_A_23A -12.559999999999997 -3.24 -3.24
1igv_A_23G -17.779999999999998 -3.95 -3.95
1igv_A_28A -13.399999999999995 -2.20 -2.20
1igv_A_61A -9.5 -2.93 -2.93
1igv_A_61G -14.2 -3.60 -3.60
1igv_A_70L 4.720000000000002 -0.13 -0.13
1igv_A_13F 0.4400000000000015 -1.08 -1.08
1ihb_A_71N -4.260000000000003 0.46 0.46
1ihb_A_92N -7.6400000000000015 -0.71 -0.71
1ihb_A_55V 16.2 -0.15 -0.15
1imq_A_25G -4.519999999999998 -0.14 -0.14
1imq_A_31L 5.599999999999999 -0.67 -0.67
1imq_A_41V 9.699999999999998 0.89 0.89
1imq_A_19L 1.0399999999999983 -1.82 -1.82
1imq_A_34L 0.8600000000000012 0.33 0.33
1imq_A_37L 0.6200000000000012 -0.26 -0.26
1imq_A_68I -1.5200000000000005 -0.81 -0.81
1imq_A_71I -2.0999999999999974 0.07 0.07
1io2_A_105A 8.04 1.72 1.72
1io2_A_7N 7.140000000000003 0.46 0.46
1io2_A_8A 5.840000000000003 1.77 1.77
1io2_A_8Q 0.760000000000002 -1.25 -1.25
1jiw_I_15F 2.9999999999999964 -2.30 -2.30
1k9q_A_34T 2.0600000000000005 0.37 0.37
1k9q_A_30Y 0.12000000000000177 0.27 0.27
1kcq_A_187N 15.940000000000001 -1.05 -1.05
1kcq_A_187Y 23.68 -2.03 -2.03
1kdx_A_640F 2.5999999999999996 0.00 0.00
1ke4_A_150F 0.0400000000000007 -2.05 -2.05
1kfw_A_405Q 3.239999999999999 0.62 0.62
1lbi_A_84L 10.459999999999999 -0.20 -0.20
1lni_A_17K 2.559999999999996 -1.10 -1.10
1lni_A_79A 13.559999999999999 2.48 2.48
1lni_A_79E 1.0799999999999934 -0.40 -0.40
1lni_A_79F 16.7 2.73 2.73
1lni_A_79H 16.02 1.70 1.70
1lni_A_79I 19.060000000000002 2.85 2.85
1lni_A_79L 20.059999999999995 2.65 2.65
1lni_A_79N 7.0399999999999965 1.46 1.46
1lni_A_79R 3.0199999999999987 2.70 2.70
1lni_A_79W 18.419999999999998 2.25 2.25
1lni_A_79Y 14.839999999999998 2.90 2.90
1lni_A_41K -1.5400000000000036 -1.11 -1.11
1lni_A_74K 2.2999999999999963 0.84 0.84
1lni_A_85Q -5.440000000000004 0.00 0.00
1lni_A_39A 0.5599999999999964 -2.20 -2.20
1lni_A_39D -8.660000000000002 -1.50 -1.50
1lni_A_39S -5.040000000000004 -2.30 -2.30
1lni_A_38A 1.4599999999999964 0.74 0.74
1lni_A_65A 4.979999999999999 -1.13 -1.13
1lni_A_18V 10.76 -1.40 -1.40
1lni_A_56V 8.9 -1.90 -1.90
1lni_A_59V 8.039999999999997 -1.70 -1.70
1lni_A_72V 6.519999999999996 -0.20 -0.20
1lni_A_82V 9.459999999999997 -1.70 -1.70
1lni_A_2T -9.940000000000003 -0.90 -0.90
1lni_A_36T -7.500000000000001 -1.30 -1.30
1lni_A_43T -8.660000000000004 -0.50 -0.50
1lni_A_57T -9.159999999999997 -4.40 -4.40
1lni_A_30F -2.680000000000004 0.40 0.40
1lni_A_49F -0.6600000000000046 -0.20 -0.20
1lni_A_51F 0.999999999999996 -2.30 -2.30
1lni_A_52F 0.01999999999999602 -3.60 -3.60
1lni_A_55F -0.1400000000000049 -0.60 -0.60
1lni_A_80F 4.599999999999999 -1.50 -1.50
1lni_A_81F 0.17999999999999927 -1.20 -1.20
1lni_A_86F -0.9600000000000044 -0.30 -0.30
1luc_B_81A -2.279999999999999 -2.10 -2.10
1luc_B_82A -3.26 -2.70 -2.70
1lve_A_106L -2.639999999999998 -0.51 -0.51
1lve_A_30R 0.5600000000000006 -0.55 -0.55
1lve_A_30T 2.1399999999999992 -1.33 -1.33
1lve_A_27CN -0.7600000000000002 -0.57 -0.57
1lve_A_27CQ -6.079999999999999 0.63 0.63
1lve_A_4L -1.8600000000000032 1.04 1.04
1lve_A_28F 1.0400000000000005 -2.41 -2.41
1lve_A_38N -0.21999999999999753 -1.60 -1.60
1lve_A_89H 7.28 -0.90 -0.90
1lve_A_89N 3.6599999999999984 -1.26 -1.26
1lve_A_29N 4.960000000000001 0.39 0.39
1lve_A_94H 4.26 0.73 0.73
1lve_A_27BL -0.3600000000000001 1.67 1.67
1lve_A_27DD -3.8 2.19 2.19
1lve_A_96Q -2.100000000000001 -2.09 -2.09
1lz1_A_32L 12.880000000000003 -0.10 -0.10
1lz1_A_32S -4.079999999999997 -0.33 -0.33
1lz1_A_92S -5.399999999999999 0.81 0.81
1lz1_A_96M 2.800000000000004 0.02 0.02
1lz1_A_96S -3.1599999999999993 -1.00 -1.00
1lz1_A_77A -9.199999999999998 -4.60 -4.60
1lz1_A_120N 2.9399999999999995 -0.17 -0.17
1lz1_A_18N 5.7799999999999985 -1.28 -1.28
1lz1_A_49N 1.9200000000000004 -0.65 -0.65
1lz1_A_67H 9.239999999999998 -3.73 -3.73
1lz1_A_67N 6.3999999999999995 -1.39 -1.39
1lz1_A_35L 20.700000000000003 -0.53 -0.53
1lz1_A_7Q -2.1399999999999997 -0.94 -0.94
1lz1_A_127A 0.600000000000001 -0.55 -0.55
1lz1_A_129A 1.6200000000000006 0.14 0.14
1lz1_A_16A 1.5999999999999974 -1.39 -1.39
1lz1_A_22A 1.9399999999999997 -1.79 -1.79
1lz1_A_37A 1.9800000000000006 -0.29 -0.29
1lz1_A_48A -0.8599999999999998 0.45 0.45
1lz1_A_72A 1.0199999999999991 -0.36 -0.36
1lz1_A_78A -2.179999999999998 -0.14 -0.14
1lz1_A_106V 0.019999999999998352 -0.72 -0.72
1lz1_A_23V 3.099999999999998 -0.36 -0.36
1lz1_A_56A -11.48 -3.71 -3.71
1lz1_A_56F -4.240000000000002 -4.09 -4.09
1lz1_A_56M -2.9800000000000018 -1.77 -1.77
1lz1_A_56T -11.46 -4.31 -4.31
1lz1_A_59A -11.640000000000004 -1.72 -1.72
1lz1_A_59G -14.060000000000002 -3.83 -3.83
1lz1_A_59L 0.08000000000000163 0.00 0.00
1lz1_A_59M -4.999999999999998 -1.29 -1.29
1lz1_A_59T -12.84 -2.22 -2.22
1lz1_A_59V -1.7599999999999976 -1.10 -1.10
1lz1_A_59Y 0.3200000000000023 -3.78 -3.78
1lz1_A_89V -2.3399999999999994 -0.48 -0.48
1lz1_A_1A 2.3 -0.60 -0.60
1lz1_A_1M 4.000000000000002 -0.12 -0.12
1lz1_A_8T -12.480000000000002 -3.73 -3.73
1lz1_A_118A -0.4199999999999996 0.19 0.19
1lz1_A_50A 3.939999999999999 0.43 0.43
1lz1_A_110G -7.08 0.48 0.48
1lz1_A_110I -2.0999999999999996 0.86 0.86
1lz1_A_110L -1.3000000000000003 0.07 0.07
1lz1_A_110M -7.02 0.53 0.53
1lz1_A_110R -6.4 0.89 0.89
1lz1_A_110Y -2.519999999999999 -0.14 -0.14
1lz1_A_121A -8.619999999999997 -1.44 -1.44
1lz1_A_125A -12.879999999999995 -1.32 -1.32
1lz1_A_2A -3.08 -1.51 -1.51
1lz1_A_2D -6.880000000000001 -1.44 -1.44
1lz1_A_2I -1.2799999999999998 1.10 1.10
1lz1_A_2L -0.4800000000000001 -0.05 -0.05
1lz1_A_2M -1.6199999999999994 -0.31 -0.31
1lz1_A_2N 0.1600000000000003 -1.34 -1.34
1lz1_A_2R -3.400000000000001 -0.38 -0.38
1lz1_A_2S -7.160000000000002 -1.41 -1.41
1lz1_A_2Y -1.5000000000000009 -0.36 -0.36
1lz1_A_74D -6.04 -0.43 -0.43
1lz1_A_74F -4.640000000000001 -0.29 -0.29
1lz1_A_74I -3.1200000000000006 0.45 0.45
1lz1_A_74L -2.0800000000000005 0.19 0.19
1lz1_A_74N -2.96 -0.33 -0.33
1lz1_A_74S -7.940000000000003 -0.38 -0.38
1lz1_A_74Y -4.279999999999999 -0.24 -0.24
1lz1_A_93T -11.06 -0.67 -0.67
1lz1_A_99T -12.94 -0.50 -0.50
1lz1_A_124F 2.100000000000003 -0.36 -0.36
1lz1_A_38F -1.1000000000000019 -0.19 -0.19
1lz1_A_38G -11.02 -2.32 -2.32
1lz1_A_45F -2.439999999999999 0.07 0.07
1lz1_A_54F -4.320000000000003 -0.96 -0.96
1lz1_A_63F -2.4000000000000004 -0.24 -0.24
1mbg_A_103A -10.379999999999999 -2.32 -2.32
1mbg_A_103I 0.9799999999999984 0.69 0.69
1mbg_A_103L 3.659999999999996 2.08 2.08
1mgr_A_11F 1.4400000000000015 -0.60 -0.60
1mgr_A_33F -2.82 0.50 0.50
1mgr_A_54F -1.3000000000000014 -2.60 -2.60
1mgr_A_58F -0.6400000000000003 -0.70 -0.70
1mgr_A_83F 6.200000000000002 -1.50 -1.50
1mgr_A_84F 4.040000000000004 -1.00 -1.00
1mjc_A_18L 3.9400000000000013 -1.00 -1.00
1mjc_A_20L 4.66 -0.31 -0.31
1mjc_A_20S -9.420000000000002 -1.16 -1.16
1mjc_A_31L 0.9999999999999998 -0.66 -0.66
1mjc_A_52W 8.720000000000002 -0.20 -0.20
1mjc_A_68W 6.96 0.70 0.70
1msi_A_36A 8.74 0.30 0.30
1msi_A_58N 6.359999999999999 -0.20 -0.20
1msi_A_25A 5.5200000000000005 -0.09 -0.09
1msi_A_23A 1.3599999999999977 -0.89 -0.89
1n0j_A_58T -7.260000000000001 -2.95 -2.95
1n0j_A_143N 9.379999999999999 1.04 1.04
1n0j_A_34F -11.180000000000001 4.75 4.75
1oh0_A_101L -3.4399999999999986 -1.72 -1.72
1oh0_A_16F 2.6000000000000005 -1.79 -1.79
1oh0_A_32F 2.5199999999999987 0.20 0.20
1oh0_A_57F 0.5000000000000004 -1.22 -1.22
1oh0_A_57S -15.96 -4.53 -4.53
1oia_A_13F -3.2399999999999984 -0.70 -0.70
1oia_A_13T -6.740000000000001 -1.30 -1.30
1oia_A_31F -1.1599999999999988 0.00 0.00
1oia_A_31S -8.140000000000002 -2.30 -2.30
1oia_A_78F -1.44 0.00 0.00
1oia_A_86F -0.8199999999999994 -2.60 -2.60
1oia_A_86T -8.32 -2.90 -2.90
1onc_A_28A -7.619999999999997 -5.00 -5.00
1onc_A_36Y -2.439999999999999 -4.67 -4.67
1otr_B_34D 0.15999999999999948 -1.00 -1.00
1otr_B_34L 2.239999999999999 0.96 0.96
1otr_B_34S 1.7 -0.60 -0.60
1otr_B_30L -1.520000000000001 -1.96 -1.96
1otr_B_30V 1.9000000000000008 -1.58 -1.58
1otr_B_36F 0.800000000000001 -0.86 -0.86
1otr_B_36V 1.5600000000000014 -0.79 -0.79
1otr_B_11A 7.039999999999999 -0.14 -0.14
1p2p_A_48Q -10.44 -0.64 -0.64
1pdo_A_12F -0.7600000000000002 1.79 1.79
1pdo_A_33F 0.08000000000000196 -1.08 -1.08
1pdo_A_69F -1.4200000000000002 -2.15 -2.15
1pga_A_53A 5.519999999999998 -0.51 -0.51
1pga_A_53E -1.4200000000000013 -0.40 -0.40
1pga_A_53F 9.059999999999999 0.55 0.55
1pga_A_53I 11.080000000000002 -0.10 -0.10
1pga_A_53R 5.2399999999999975 -0.28 -0.28
1pga_A_53V 9.139999999999997 -0.58 -0.58
1poh_A_49A 5.639999999999999 1.39 1.39
1poh_A_49D -2.860000000000001 1.41 1.41
1poh_A_49G 1.1400000000000006 1.05 1.05
1poh_A_49M 8.84 0.94 0.94
1poh_A_49Q 0.14000000000000123 1.39 1.39
1poh_A_49S 1.2799999999999998 0.95 0.95
1poh_A_31A 4.459999999999999 -0.40 -0.40
1poh_A_46D -2.740000000000001 1.44 1.44
1poh_A_46N -0.4399999999999997 0.39 0.39
1qlp_A_183F 13.700000000000005 1.50 1.50
1qlp_A_183I 13.140000000000002 1.80 1.80
1qlp_A_183L 14.160000000000005 1.40 1.40
1qlp_A_183V 11.900000000000006 3.80 3.80
1qlp_A_248F 8.040000000000003 1.80 1.80
1qlp_A_248L 8.139999999999999 0.35 0.35
1qlp_A_248V 9.720000000000004 2.30 2.30
1qlp_A_250I 13.300000000000004 -0.40 -0.40
1qlp_A_250V 13.440000000000001 -0.40 -0.40
1qlp_A_284I 4.740000000000001 0.00 0.00
1qlp_A_284V 10.660000000000004 0.80 0.80
1qlp_A_31L 13.260000000000002 0.90 0.90
1qlp_A_31V 7.140000000000001 0.60 0.60
1qlp_A_70G -0.9999999999999991 1.60 1.60
1qlp_A_51C 2.9199999999999937 3.01 3.01
1qlp_A_51L 4.199999999999996 2.10 2.10
1qlp_A_331I 18.399999999999995 0.84 0.84
1qlp_A_331T 5.820000000000001 -0.54 -0.54
1qlp_A_387R 3.0400000000000023 1.00 1.00
1qlp_A_374I -0.4599999999999993 2.30 2.30
1qlp_A_330R 2.0800000000000005 -2.44 -2.44
1qlp_A_381A 5.600000000000001 1.00 1.00
1qlp_A_68A 3.260000000000001 1.00 1.00
1qlp_A_145I 1.2400000000000029 0.20 0.20
1qlp_A_145L 1.8800000000000012 -0.70 -0.70
1qlp_A_173L -1.7200000000000013 -0.60 -0.60
1qlp_A_321I -2.0799999999999996 0.60 0.60
1qlp_A_321L 4.3 -1.20 -1.20
1qlp_A_364I -0.039999999999998065 0.40 0.40
1qlp_A_364L -1.6599999999999981 -0.30 -0.30
1qlp_A_55I -2.240000000000001 -0.20 -0.20
1qlp_A_55L 0.13999999999999946 -0.30 -0.30
1qlp_A_194F -4.3799999999999955 -0.47 -0.47
1qlp_A_238F -1.7599999999999953 0.98 0.98
1qlp_A_160A -8.740000000000004 -0.21 -0.21
1qm4_A_265H 1.239999999999999 -3.11 -3.11
1rg8_A_103G -5.320000000000001 -0.46 -0.46
1rg8_A_16S -14.700000000000003 -2.81 -2.81
1rg8_A_108Y 1.0800000000000005 0.49 0.49
1rg8_A_62A 3.2399999999999993 -1.48 -1.48
1rg8_A_102Y 2.7000000000000006 0.39 0.39
1rg8_A_21Y 4.82 0.79 0.79
1rg8_A_93A -1.2000000000000006 -0.60 -0.60
1rg8_A_44F 1.1799999999999997 0.59 0.59
1rg8_A_73V -3.3000000000000003 -1.46 -1.46
1rg8_A_106G -5.159999999999999 0.16 0.16
1rg8_A_109I 0.8999999999999999 -0.05 -0.05
1rg8_A_109L 4.280000000000002 -0.57 -0.57
1rhg_A_33A 5.239999999999998 0.31 0.31
1rhg_A_46A 2.380000000000002 -0.32 -0.32
1rhg_A_150A 7.139999999999998 1.94 1.94
1rhg_A_26A 3.1999999999999997 1.93 1.93
1rhg_A_28A 6.240000000000001 2.35 2.35
1rhg_A_73A 1.9000000000000026 0.89 0.89
1rhg_A_81A 4.479999999999999 -0.76 -0.76
1ris_A_22Q -0.020000000000000462 -1.12 -1.12
1ris_A_60A -8.880000000000004 -0.81 -0.81
1ris_A_26A -12.020000000000001 -2.84 -2.84
1ris_A_8A -11.540000000000003 -3.56 -3.56
1ris_A_75A -7.539999999999997 -1.35 -1.35
1ris_A_79A -11.899999999999999 -3.91 -3.91
1ris_A_65A -13.259999999999998 -2.89 -2.89
1ris_A_6A -16.059999999999995 -2.93 -2.93
1ris_A_85A -9.060000000000002 -3.02 -3.02
1ris_A_88A -12.620000000000001 -1.68 -1.68
1ris_A_33A -5.36 0.41 0.41
1rn1_B_21G -2.3 -1.10 -1.10
1rn1_B_49A 9.220000000000002 0.50 0.50
1rn1_B_49F 14.260000000000002 0.10 0.10
1rn1_B_76A 9.799999999999999 -3.76 -3.76
1rn1_B_76N 11.960000000000003 -3.39 -3.39
1rn1_B_76S 3.2799999999999994 -3.17 -3.17
1rn1_B_58A 11.120000000000001 -0.42 -0.42
1rn1_B_40T -7.02 -0.26 -0.26
1rn1_B_92A -1.2599999999999998 -0.62 -0.62
1rn1_B_44A -3.120000000000001 -1.88 -1.88
1rn1_B_44D -6.200000000000001 -1.58 -1.58
1rn1_B_44S -7.5200000000000005 -1.77 -1.77
1rn1_B_16A -0.5200000000000009 -2.34 -2.34
1rn1_B_16C 0.6999999999999991 -4.99 -4.99
1rn1_B_16T -3.3199999999999994 -3.65 -3.65
1rn1_B_78A -8.959999999999999 -4.08 -4.08
1rn1_B_89S -11.24 -4.87 -4.87
1rn1_B_89T -11.199999999999998 -3.07 -3.07
1rn1_B_59Y -5.0200000000000005 -0.93 -0.93
1rn1_B_24W -4.440000000000001 1.24 1.24
1rn1_B_42W -0.5600000000000005 -0.14 -0.14
1rop_A_30C 7.340000000000002 0.80 0.80
1rop_A_30E 3.3800000000000012 1.00 1.00
1rop_A_30G 4.700000000000003 2.00 2.00
1rop_A_30H 7.32 0.90 0.90
1rop_A_30K 4.120000000000001 0.90 0.90
1rop_A_30L 9.52 -0.10 -0.10
1rop_A_30M 2.8600000000000003 0.60 0.60
1rop_A_30N 7.660000000000003 0.80 0.80
1rop_A_30R 5.520000000000002 0.80 0.80
1rop_A_30S 3.6600000000000006 1.00 1.00
1rop_A_30T 6.820000000000001 -0.40 -0.40
1rop_A_30V 9.860000000000001 -0.40 -0.40
1rop_A_30W 8.8 -0.40 -0.40
1rop_A_30Y 8.48 0.20 0.20
1rtb_A_109G -4.9 -0.43 -0.43
1rtb_A_4S -2.6799999999999993 -0.45 -0.45
1rtb_A_5S -4.119999999999999 -0.27 -0.27
1rtb_A_64G -2.5600000000000023 -0.44 -0.44
1rtb_A_121A 7.480000000000002 -1.95 -1.95
1rtb_A_46L -7.340000000000001 -3.21 -3.21
1rtb_A_46V -6.739999999999998 -4.55 -4.55
1rtb_A_106A -13.800000000000004 -4.38 -4.38
1rtb_A_106L -2.4400000000000035 -1.79 -1.79
1rtb_A_107A -12.720000000000004 -2.85 -2.85
1rtb_A_107L -1.7400000000000022 -2.20 -2.20
1rtb_A_107V -2.7000000000000046 -0.08 -0.08
1rtb_A_81A -8.560000000000002 -2.99 -2.99
1rtb_A_81G -12.16 -4.81 -4.81
1rtb_A_81V -1.0600000000000014 -0.43 -0.43
1rtb_A_108A -10.920000000000003 -4.20 -4.20
1rtb_A_108I -0.5600000000000014 -0.44 -0.44
1rtb_A_116G -10.62 -1.18 -1.18
1rtb_A_118G -12.64 -2.78 -2.78
1rtb_A_47A -11.860000000000007 -3.80 -3.80
1rtb_A_54A -15.24 -2.58 -2.58
1rtb_A_54G -17.400000000000002 -4.87 -4.87
1rtb_A_54L -1.9199999999999982 -1.09 -1.09
1rtb_A_57A -9.979999999999995 -2.85 -2.85
1rtb_A_57I -1.579999999999999 -1.30 -1.30
1rtb_A_63A -6.140000000000002 -2.03 -2.03
1rtb_A_63G -7.160000000000001 -3.50 -3.50
1rtb_A_97F -2.0200000000000022 -3.54 -3.54
1rtp_1_80S 3.8199999999999994 -0.29 -0.29
1sak_A_352A 7.320000000000001 -0.62 -0.62
1sak_A_326A 3.8 -0.40 -0.40
1sak_A_339A -0.3599999999999999 -0.66 -0.66
1sak_A_343A 1.999999999999999 -0.25 -0.25
1sak_A_346A 3.479999999999999 -0.27 -0.27
1sak_A_328A -1.42 -2.36 -2.36
1sak_A_338A -4.0200000000000005 -2.03 -2.03
1sak_A_341L 3.6799999999999984 -0.91 -0.91
1sak_A_330F -2.4400000000000004 -1.80 -1.80
1sak_A_344F -1.6399999999999992 -1.62 -1.62
1sak_A_344I -1.0999999999999988 -0.41 -0.41
1sak_A_350A -2.3800000000000003 -0.50 -0.50
1sak_A_340A -5.460000000000001 -1.90 -1.90
1sak_A_340I -0.10000000000000009 -0.38 -0.38
1sak_A_345A -0.12000000000000133 -0.98 -0.98
1sak_A_331A 2.5799999999999996 -0.46 -0.46
1sak_A_333A 2.76 -1.05 -1.05
1sak_A_335A -0.9800000000000002 -0.75 -0.75
1sak_A_337A -1.1600000000000001 -2.41 -2.41
1sak_A_342A -1.9400000000000017 -0.38 -0.38
1shf_A_107D 0.2800000000000009 0.68 0.68
1shf_A_107F 9.620000000000001 -1.63 -1.63
1shf_A_107G 1.3400000000000003 -2.29 -2.29
1shf_A_107H 8.719999999999999 -0.99 -0.99
1shf_A_107L 13.06 -3.02 -3.02
1shf_A_107Q 0.38000000000000167 -0.74 -0.74
1shf_A_107S 2.839999999999999 -1.64 -1.64
1shf_A_107V 12.44 -2.00 -2.00
1shf_A_107Y 10.460000000000004 -2.40 -2.40
1shf_A_128A 3.32 -1.78 -1.78
1shf_A_111A -7.899999999999999 -2.84 -2.84
1shf_A_111V 0.30000000000000204 -0.63 -0.63
1shf_A_124D -1.8800000000000014 -2.02 -2.02
1shf_A_124F 9.579999999999998 -1.90 -1.90
1shf_A_124H 11.74 -1.25 -1.25
1shf_A_124I 11.74 -1.41 -1.41
1shf_A_124K -0.9000000000000004 0.11 0.11
1shf_A_124N 4.859999999999999 -0.73 -0.73
1shf_A_124R 3.7800000000000002 -0.18 -0.18
1shf_A_124T 3.5200000000000014 -1.65 -1.65
1shf_A_124Y 9.459999999999997 -2.27 -2.27
1shf_A_127A 2.3599999999999994 -2.59 -2.59
1shf_A_138A -13.98 -2.34 -2.34
1shf_A_138G -17.44 -3.65 -3.65
1shf_A_138M -5.699999999999999 -0.52 -0.52
1shf_A_138T -15.22 -2.40 -2.40
1shg_A_48G 2.260000000000001 0.82 0.82
1shg_A_59Y 10.279999999999996 -0.84 -0.84
1sso_A_29V 1.4800000000000004 -0.40 -0.40
1sup_A_169A 2.759999999999998 0.30 0.30
1sup_A_218S -1.0600000000000007 1.07 1.07
1sup_A_76D -5.92 0.45 0.45
1sup_A_206C 10.06 1.25 1.25
1sup_A_217K -16.419999999999998 0.72 0.72
1ten_A_819G -12.66 -2.67 -2.67
1ten_A_885G -6.3999999999999995 -0.92 -0.92
1ten_A_887A 2.720000000000001 1.55 1.55
1ten_A_809A -10.940000000000001 -2.74 -2.74
1ten_A_809V -4.42 0.02 0.02
1ten_A_821A -17.08 -3.58 -3.58
1ten_A_821V -4.78 -0.28 -0.28
1ten_A_830A -6.820000000000001 -1.63 -1.63
1ten_A_833V -1.7199999999999989 -0.80 -0.80
1ten_A_849A -8.619999999999997 -2.40 -2.40
1ten_A_860A -7.700000000000002 -1.91 -1.91
1ten_A_860V -0.9999999999999991 -0.88 -0.88
1ten_A_835A -15.339999999999993 -4.13 -4.13
1ten_A_851A -8.639999999999995 -2.88 -2.88
1ten_A_863A -9.9 -3.96 -3.96
1ten_A_873A -13.540000000000003 -2.81 -2.81
1ten_A_875A 3.259999999999999 -0.27 -0.27
1ten_A_882A 0.740000000000001 -2.58 -2.58
1ten_A_811A -10.699999999999998 -1.40 -1.40
1ten_A_871A -12.599999999999996 -2.69 -2.69
1ten_A_858A -9.339999999999996 -1.21 -1.21
1ten_A_858G -15.799999999999997 -4.06 -4.06
1tit_A_23A -11.180000000000005 -2.70 -2.70
1tit_A_41A -7.02 -2.70 -2.70
1tit_A_58A -11.3 -3.23 -3.23
1tit_A_13A -9.660000000000002 -2.15 -2.15
1tit_A_86A -7.5200000000000005 -4.45 -4.45
1tpk_A_65A -9.179999999999998 -2.00 -2.00
1tpk_A_65L 0.6199999999999986 -1.90 -1.90
1tpk_A_65M -6.639999999999997 -2.20 -2.20
1tpk_A_65S -13.879999999999999 -2.40 -2.40
1tpk_A_65T -11.159999999999997 -1.00 -1.00
1ttq_A_18G -6.519999999999997 -2.70 -2.70
1ttq_A_18V 12.160000000000002 -2.30 -2.30
1ttq_A_22I 2.3599999999999954 -4.58 -4.58
1ttq_A_232V 2.1000000000000014 -3.30 -3.30
1ttq_A_209V -3.540000000000001 -3.20 -3.20
1ttq_A_175Q -10.939999999999998 -1.65 -1.65
1tyv_A_309V 13.499999999999998 -0.77 -0.77
1tyv_A_244R 3.24 -1.33 -1.33
1tyv_A_323D -2.8800000000000012 -0.13 -0.13
1tyv_A_285K -3.3199999999999976 -3.43 -3.43
1tyv_A_235I 7.379999999999997 -0.53 -0.53
1ubq_A_45W 3.4599999999999964 0.46 0.46
1ubq_A_68E -3.7399999999999975 0.77 0.77
1ubq_A_68Q -3.9399999999999977 0.55 0.55
1ubq_A_29N 7.380000000000001 -1.48 -1.48
1ubq_A_29Q 3.5199999999999996 -1.67 -1.67
1ubq_A_6E 4.0000000000000036 0.53 0.53
1ubq_A_6Q 5.680000000000001 0.26 0.26
1ubq_A_72Q -0.08000000000000101 -0.33 -0.33
1uzc_A_17G -4.379999999999999 -0.70 -0.70
1uzc_A_20G -5.119999999999998 -2.30 -2.30
1uzc_A_39G -7.460000000000001 -1.93 -1.93
1uzc_A_51G -1.2199999999999984 -1.12 -1.12
1uzc_A_53G -3.0199999999999987 -0.30 -0.30
1uzc_A_61G -5.16 -2.07 -2.07
1uzc_A_64G -2.84 -0.94 -0.94
1uzc_A_46N 5.98 -2.51 -2.51
1uzc_A_15A 2.4800000000000004 -0.40 -0.40
1uzc_A_15G 0.19999999999999996 -1.02 -1.02
1uzc_A_27A 2.1200000000000006 -0.62 -0.62
1uzc_A_43V 0.8599999999999985 -1.21 -1.21
1uzc_A_44G -6.86 -0.40 -0.40
1uzc_A_26A 8.899999999999999 0.11 0.11
1uzc_A_26G 5.400000000000001 -0.74 -0.74
1uzc_A_58A 8.86 -2.10 -2.10
1uzc_A_24A -7.240000000000001 -1.04 -1.04
1uzc_A_52A -6.299999999999998 -2.71 -2.71
1uzc_A_42A 4.42 -1.37 -1.37
1uzc_A_33G 1.1199999999999997 -0.42 -0.42
1uzc_A_19A 4.840000000000001 -0.08 -0.08
1uzc_A_38A -0.2200000000000003 -0.37 -0.37
1uzc_A_38G -0.9199999999999998 -1.57 -1.57
1uzc_A_60A 3.360000000000001 0.31 0.31
1uzc_A_60G 0.7999999999999996 -0.80 -0.80
1uzc_A_32A 2.620000000000001 0.00 0.00
1uzc_A_50A 3.9000000000000004 -0.02 -0.02
1uzc_A_56A 3.6399999999999997 -0.40 -0.40
1uzc_A_56G 0.8600000000000003 -0.54 -0.54
1uzc_A_13A 0.6000000000000005 -0.99 -0.99
1uzc_A_13S -1.7599999999999993 0.10 0.10
1uzc_A_30A -11.500000000000004 -3.28 -3.28
1uzc_A_67A -2.16 0.51 0.51
1uzc_A_67G -4.199999999999999 0.00 0.00
1uzc_A_49F -2.7599999999999976 -0.31 -0.31
1uzc_A_65F -3.820000000000001 -0.72 -0.72
1vqb_A_33I 3.24 -0.45 -0.45
1vqb_A_33L 5.960000000000006 -1.30 -1.30
1vqb_A_33M -2.0399999999999974 -1.75 -1.75
1vqb_A_33S -16.659999999999997 -2.12 -2.12
1vqb_A_33T -13.519999999999996 -2.30 -2.30
1vqb_A_36C 11.199999999999998 -1.02 -1.02
1vqb_A_36N 9.06 -0.50 -0.50
1vqb_A_50H 4.760000000000001 -0.77 -0.77
1vqb_A_30F 11.579999999999995 1.02 1.02
1vqb_A_30M 8.639999999999999 0.32 0.32
1vqb_A_30N 4.52 -0.55 -0.55
1vqb_A_40T 1.4200000000000002 -0.20 -0.20
1vqb_A_13T -1.3799999999999994 -0.35 -0.35
1vqb_A_68L -2.3400000000000007 -2.12 -2.12
1vqb_A_73W 1.48 0.40 0.40
1vqb_A_64C 3.5800000000000014 0.25 0.25
1vqb_A_47A -11.54 -3.32 -3.32
1vqb_A_47F -1.0799999999999987 -0.85 -0.85
1vqb_A_47M -5.599999999999999 -1.00 -1.00
1vqb_A_47T -13.359999999999998 -3.70 -3.70
1vqb_A_47V -5.279999999999999 -1.18 -1.18
1vqb_A_6V -0.43999999999999984 -0.35 -0.35
1vqb_A_78V 1.4800000000000013 -0.65 -0.65
1vqb_A_69H 8.16 -0.62 -0.62
1vqb_A_69M 4.6000000000000005 0.08 0.08
1vqb_A_28V -1.2399999999999998 0.55 0.55
1vqb_A_32H -3.260000000000002 -0.45 -0.45
1vqb_A_32R -11.86 -0.80 -0.80
1vqb_A_32W -3.859999999999999 1.40 1.40
1vqb_A_32Y -2.6800000000000024 0.50 0.50
1vqb_A_37T -3.3800000000000026 -2.60 -2.60
1vqb_A_37V 2.8999999999999986 -1.75 -1.75
1vqb_A_49C -0.940000000000002 -2.05 -2.05
1vqb_A_49I -1.4200000000000002 -0.95 -0.95
1vqb_A_49T -7.16 -2.85 -2.85
1vqb_A_49V -3.8000000000000016 -1.45 -1.45
1vqb_A_81C -8.819999999999997 -1.85 -1.85
1vqb_A_81T -15.239999999999995 -2.55 -2.55
1vqb_A_81V -5.979999999999996 -0.10 -0.10
1vqb_A_77A -0.2799999999999998 -1.05 -1.05
1vqb_A_77C 2.7 0.00 0.00
1vqb_A_77F 1.0800000000000005 -0.10 -0.10
1vqb_A_77I 2.92 0.80 0.80
1vqb_A_77L 3.6799999999999997 -0.60 -0.60
1vqb_A_77V 5.160000000000001 0.60 0.60
1vqb_A_82C 12.48 -0.75 -0.75
1vqb_A_48C 0.6000000000000004 -0.40 -0.40
1vqb_A_48V 5.899999999999999 0.00 0.00
1vqb_A_62C 13.92 -0.35 -0.35
1vqb_A_62V 16.56 0.65 0.65
1vqb_A_19C 0.3400000000000003 -0.15 -0.15
1vqb_A_35A -9.84 -1.02 -1.02
1vqb_A_35F -0.45999999999999774 -1.50 -1.50
1vqb_A_35M -4.66 -0.53 -0.53
1vqb_A_35T -15.04 -2.65 -2.65
1vqb_A_43C -0.4799999999999996 -1.05 -1.05
1vqb_A_43T -10.719999999999999 -0.80 -0.80
1vqb_A_45A -8.180000000000001 -1.05 -1.05
1vqb_A_45L -2.759999999999998 -1.50 -1.50
1vqb_A_45T -11.36 -1.75 -1.75
1vqb_A_70C 0.7599999999999986 -1.60 -1.60
1vqb_A_70T -6.6800000000000015 -1.75 -1.75
1vqb_A_26R -5.84 -0.20 -0.20
1vqb_A_41A -2.740000000000001 -0.20 -0.20
1vqb_A_41F -1.26 -0.30 -0.30
1wit_A_73F -2.4999999999999964 -2.15 -2.15
1wq5_A_118A -10.839999999999998 -1.36 -1.36
1wq5_A_118S -17.179999999999996 -2.27 -2.27
1wq5_A_118V 0.6800000000000022 -1.34 -1.34
1wq5_A_154A -7.019999999999999 -1.03 -1.03
1wq5_A_154V 4.800000000000002 -1.12 -1.12
1wq5_A_81A -7.299999999999994 -0.69 -0.69
1wq5_A_81G -13.619999999999997 -1.58 -1.58
1wq5_A_81S -12.539999999999994 -1.41 -1.41
1wq5_A_81V 1.4400000000000015 -1.32 -1.32
1wq5_A_49A 8.8 0.41 0.41
1wq5_A_49C 16.54 1.33 1.33
1wq5_A_49D -4.52 0.07 0.07
1wq5_A_49H 13.280000000000001 1.51 1.51
1wq5_A_49L 24.079999999999995 3.67 3.67
1wq5_A_49M 16.340000000000003 3.13 3.13
1wq5_A_49Q 6.48 -0.58 -0.58
1wq5_A_49S 3.3399999999999976 -0.01 -0.01
1wq5_A_49T 5.759999999999999 0.16 0.16
1wq5_A_49V 20.900000000000002 2.43 2.43
1wq5_A_49Y 16.740000000000002 0.41 0.41
1wq5_A_139W 1.480000000000001 -0.64 -0.64
1wq5_A_258W 0.7799999999999974 -1.17 -1.17
1wq5_A_211D -3.0800000000000014 -0.80 -0.80
1wq5_A_211E -1.9600000000000013 1.10 1.10
1wq5_A_211R -0.36000000000000176 -0.12 -0.12
1wq5_A_211S 0.8400000000000004 -0.15 -0.15
1wq5_A_234D 1.1000000000000003 3.40 3.40
1wq5_A_234K 3.380000000000001 0.20 0.20
1wq5_A_37A -10.940000000000001 -4.42 -4.42
1wq5_A_127A -12.499999999999998 -1.28 -1.28
1wq5_A_176A -13.540000000000001 -4.01 -4.01
1wq5_A_50A -16.799999999999997 -2.99 -2.99
1wq5_A_175C 1.4399999999999988 -0.60 -0.60
1yu5_X_41Y -1.2799999999999998 1.11 1.11
1yyj_A_20G -5.180000000000001 -1.97 -1.97
1yyj_A_23G -1.9 -2.38 -2.38
1yyj_A_36G -1.9599999999999997 -2.61 -2.61
1yyj_A_37G -5.259999999999998 -4.15 -4.15
1yyj_A_40G -1.5999999999999983 -1.41 -1.41
1yyj_A_90G -3.5800000000000005 -2.34 -2.34
1yyj_A_91G -6.119999999999999 -1.60 -1.60
1yyj_A_18A 5.960000000000001 1.30 1.30
1yyj_A_61A -8.02 -4.52 -4.52
1yyj_A_65A -6.64 -1.92 -1.92
1yyj_A_17A -9.819999999999997 -1.30 -1.30
1yyj_A_72A -9.420000000000002 -4.79 -4.79
1yyj_A_98A -4.300000000000001 -3.48 -3.48
1yyj_A_15A 6.960000000000001 -0.20 -0.20
1yyj_A_27A 8.540000000000001 -0.17 -0.17
1yyj_A_10A -4.479999999999999 -1.86 -1.86
1yyj_A_14A -7.900000000000001 -1.92 -1.92
1yyj_A_30A -12.44 -2.83 -2.83
1yyj_A_38G -5.299999999999999 -1.44 -1.44
1yyj_A_48A -3.7799999999999994 -3.73 -3.73
1yyj_A_68A -5.039999999999999 -3.88 -3.88
1yyj_A_76A -4.079999999999997 -3.48 -3.48
1yyj_A_94A -9.599999999999998 -1.50 -1.50
1yyj_A_33A 1.5199999999999994 -2.97 -2.97
1yyj_A_34A 4.619999999999998 -2.25 -2.25
1yyj_A_34G -1.9399999999999988 -3.26 -3.26
1yyj_A_69G -12.379999999999999 -3.61 -3.61
1yyj_A_7M -13.439999999999998 -0.85 -0.85
1yyj_A_101A -6.120000000000001 0.52 0.52
1yyj_A_105A -9.340000000000002 -2.36 -2.36
1zg4_A_77S -15.64 -3.36 -3.36
1zg4_A_290F -2.8400000000000007 -0.83 -0.83
1znj_B_25D -11.04 0.48 0.48
1znj_B_25H -2.6600000000000006 0.75 0.75
1znj_B_10D -13.079999999999998 0.76 0.76
1znj_B_10E -9.919999999999998 1.11 1.11
1znj_B_10T -5.459999999999999 0.03 0.03
1znj_B_9D -7.739999999999998 0.06 0.06
1znj_B_26T -9.16 -0.22 -0.22
2a01_A_141R -0.17999999999999994 -0.65 -0.65
2a36_A_22A 0.6399999999999999 0.40 0.40
2a36_A_22D -2.9600000000000004 1.50 1.50
2a36_A_22F 2.6999999999999997 1.30 1.30
2a36_A_22G -4.2200000000000015 3.59 3.59
2a36_A_22K -8.18 0.00 0.00
2a36_A_22L 3.619999999999999 0.50 0.50
2a36_A_22N -4.5600000000000005 1.30 1.30
2a36_A_22S -3.4800000000000004 0.60 0.60
2abd_A_34G -2.8400000000000007 -1.33 -1.33
2abd_A_69G -3.099999999999997 -2.28 -2.28
2abd_A_9G -3.299999999999998 -1.88 -1.88
2abd_A_21A 8.24 0.03 0.03
2abd_A_21H 11.7 -0.56 -0.56
2abd_A_67A 1.8000000000000003 -0.60 -0.60
2abd_A_26A -7.660000000000003 -1.79 -1.79
2abd_A_74A -9.500000000000002 -1.70 -1.70
2abd_A_32A 4.459999999999999 -1.34 -1.34
2abd_A_32E -4.760000000000001 -1.48 -1.48
2abd_A_32R -0.7400000000000033 -1.83 -1.83
2abd_A_54A 9.420000000000005 -0.97 -0.97
2abd_A_54M 2.3799999999999994 0.10 0.10
2abd_A_15A -5.140000000000001 -3.28 -3.28
2abd_A_80A -5.639999999999999 -4.15 -4.15
2abd_A_33A 4.92 -3.64 -3.64
2abd_A_35A 1.4200000000000008 -1.47 -1.47
2abd_A_12A -8.26 -1.54 -1.54
2abd_A_28A -7.240000000000002 -2.74 -2.74
2abd_A_28N -9.600000000000001 -2.48 -2.48
2abd_A_31N -5.800000000000001 -1.86 -1.86
2abd_A_73F 0.3000000000000015 0.29 0.29
2ci2_I_35G -7.199999999999999 -1.25 -1.25
2ci2_I_77G -6.28 -1.42 -1.42
2ci2_I_42A 12.2 -1.00 -1.00
2ci2_I_64A 13.019999999999998 -0.91 -0.91
2ci2_I_26A 7.96 -0.75 -0.75
2ci2_I_26Q 1.08 -0.60 -0.60
2ci2_I_33D -1.98 -0.65 -0.65
2ci2_I_33N -0.9600000000000001 -0.55 -0.55
2ci2_I_34Q -3.7 -0.58 -0.58
2ci2_I_60A 2.8600000000000008 -0.89 -0.89
2ci2_I_69A -9.120000000000001 -3.53 -3.53
2ci2_I_69L -0.7400000000000009 -2.05 -2.05
2ci2_I_69V 1.539999999999999 -1.90 -1.90
2ci2_I_39L -4.559999999999999 -1.96 -1.96
2ci2_I_39V -6.439999999999998 -1.16 -1.16
2ci2_I_48A -3.7800000000000002 -3.68 -3.68
2ci2_I_48V 0.7599999999999996 -0.97 -0.97
2ci2_I_49A -4.080000000000002 -1.05 -1.05
2ci2_I_49G -8.420000000000002 -3.23 -3.23
2ci2_I_49T -5.78 -1.21 -1.21
2ci2_I_49V 1.66 -0.10 -0.10
2ci2_I_56A -2.5200000000000014 -0.65 -0.65
2ci2_I_76A -5.400000000000002 -4.21 -4.21
2ci2_I_76V 1.4400000000000004 0.10 0.10
2ci2_I_21A 5.240000000000002 -0.79 -0.79
2ci2_I_21M 6.280000000000001 -0.70 -0.70
2ci2_I_30A 4.919999999999999 -0.39 -0.39
2ci2_I_36A 6.759999999999999 -0.70 -0.70
2ci2_I_36G 0.44000000000000017 -2.16 -2.16
2ci2_I_37A 5.360000000000001 -0.18 -0.18
2ci2_I_37G -1.7599999999999991 -1.18 -1.18
2ci2_I_43A 4.220000000000002 -0.82 -0.82
2ci2_I_72N 0.8400000000000001 -0.61 -0.61
2ci2_I_27A -6.52 -2.44 -2.44
2ci2_I_40A -2.8600000000000003 -1.27 -1.27
2ci2_I_40G -6.459999999999999 -1.73 -1.73
2ci2_I_51I -3.0599999999999996 -0.63 -0.63
2ci2_I_51V -1.7200000000000033 -0.67 -0.67
2ci2_I_75A 5.0200000000000005 -1.02 -1.02
2ci2_I_75D -11.200000000000001 -1.36 -1.36
2ci2_I_41A 4.099999999999999 -0.28 -0.28
2ci2_I_41G -1.5399999999999996 -0.76 -0.76
2ci2_I_62A 0.7599999999999996 -0.80 -0.80
2ci2_I_67A 0.7599999999999989 -1.21 -1.21
2ci2_I_31A 6.760000000000001 -0.96 -0.96
2ci2_I_31G 0.9800000000000004 -0.49 -0.49
2ci2_I_22A 2.44 -0.93 -0.93
2ci2_I_22G -0.859999999999999 -1.07 -1.07
2ci2_I_22V 7.820000000000004 -0.76 -0.76
2ci2_I_55A 3.7800000000000002 -0.59 -0.59
2ci2_I_55S 1.5 -0.50 -0.50
2ci2_I_55V 6.879999999999999 -1.16 -1.16
2ci2_I_58A 2.78 -0.69 -0.69
2ci2_I_38A -5.599999999999999 -0.31 -0.31
2ci2_I_53A -3.680000000000001 -0.88 -0.88
2ci2_I_53G -6.060000000000001 -2.26 -2.26
2ci2_I_53T -5.2600000000000025 -1.31 -1.31
2ci2_I_57A -6.379999999999999 -1.07 -1.07
2ci2_I_66A -12.8 -4.92 -4.92
2ci2_I_70A -4.52 -1.74 -1.74
2ci2_I_79G -13.42 -2.38 -2.38
2ci2_I_79T -12.659999999999997 -0.89 -0.89
2ci2_I_82A -8.180000000000001 -1.36 -1.36
2dri_A_27T -2.1199999999999983 -3.30 -3.30
2dri_A_50E -18.299999999999994 -3.50 -3.50
2h61_A_14A -9.259999999999998 -2.85 -2.85
2h61_A_11A -7.8 -1.65 -1.65
2h61_A_3A -1.9399999999999997 -0.64 -0.64
2h61_A_3S -2.24 -1.25 -1.25
2h61_A_7A 2.4199999999999995 -2.00 -2.00
2hpr_A_46D -5.239999999999998 0.72 0.72
2imm_A_15L 4.1 1.36 1.36
2imm_A_24R 2.319999999999999 -0.17 -0.17
2imm_A_21L 6.0399999999999965 -0.31 -0.31
2imm_A_90Q 3.6200000000000045 1.05 1.05
2imm_A_79E 0.8199999999999985 -0.41 -0.41
2imm_A_63S -3.0800000000000027 0.29 0.29
2lzm_A_129V 9.74 -0.74 -0.74
2lzm_A_146V 7.960000000000002 -4.31 -4.31
2lzm_A_160T -2.3399999999999994 -3.12 -3.12
2lzm_A_98T -2.4600000000000013 -3.83 -3.83
2lzm_A_98V 13.299999999999999 -4.98 -4.98
2lzm_A_54V 3.1799999999999993 -0.70 -0.70
2lzm_A_11F 11.919999999999998 1.70 1.70
2lzm_A_128A 2.62 0.16 0.16
2lzm_A_128K -0.020000000000001572 -1.16 -1.16
2lzm_A_153C -4.460000000000001 -3.11 -3.11
2lzm_A_113A 2.9599999999999995 0.39 0.39
2lzm_A_30A 7.8199999999999985 0.10 0.10
2lzm_A_30F 9.639999999999999 -1.50 -1.50
2lzm_A_77A 5.459999999999998 -0.20 -0.20
2lzm_A_3A -8.300000000000002 -0.79 -0.79
2lzm_A_3D -20.540000000000006 -2.87 -2.87
2lzm_A_3E -12.3 -1.72 -1.72
2lzm_A_3F 2.660000000000001 -1.02 -1.02
2lzm_A_3G -11.180000000000001 -2.03 -2.03
2lzm_A_3L 6.139999999999995 0.77 0.77
2lzm_A_3S -10.900000000000002 -1.75 -1.75
2lzm_A_3T -8.52 -2.15 -2.15
2lzm_A_3V 4.719999999999995 -0.45 -0.45
2lzm_A_58Y 1.7399999999999962 -3.11 -3.11
2lzm_A_124G 2.0999999999999996 -0.08 -0.08
2lzm_A_135E 1.8599999999999985 -0.83 -0.83
2lzm_A_147E 2.2600000000000007 -0.53 -0.53
2lzm_A_16E -0.13999999999999962 0.15 0.15
2lzm_A_60H 8.58 -0.26 -0.26
2lzm_A_83H 7.3000000000000025 -0.42 -0.42
2lzm_A_133F -5.000000000000001 -0.26 -0.26
2lzm_A_6I 2.959999999999998 -3.10 -3.10
2lzm_A_116D -3.8200000000000003 0.47 0.47
2lzm_A_132I 8.079999999999998 1.20 1.20
2lzm_A_132M -0.6200000000000018 1.50 1.50
2lzm_A_144E 0.12000000000000005 0.46 0.46
2lzm_A_55G -1.4800000000000006 -0.58 -0.58
2lzm_A_68A 0.5399999999999999 0.05 0.05
2lzm_A_105A 2.299999999999999 -0.68 -0.68
2lzm_A_105G 0.6999999999999973 -2.30 -2.30
2lzm_A_123E 1.0999999999999996 0.27 0.27
2lzm_A_119M 5.0600000000000005 0.00 0.00
2lzm_A_96H 6.359999999999999 -2.91 -2.91
2lzm_A_117F 18.779999999999994 1.10 1.10
2lzm_A_117I 10.539999999999996 1.70 1.70
2lzm_A_117V 14.320000000000002 2.00 2.00
2lzm_A_38A 3.9000000000000012 -0.77 -0.77
2lzm_A_38D -1.0399999999999991 -0.01 -0.01
2lzm_A_44A 3.1800000000000024 0.44 0.44
2lzm_A_115E -2.500000000000001 0.03 0.03
2lzm_A_157A 4.320000000000001 -0.90 -0.90
2lzm_A_157C 6.599999999999999 -1.30 -1.30
2lzm_A_157D -0.5799999999999998 -2.12 -2.12
2lzm_A_157E -2.2199999999999998 -1.22 -1.22
2lzm_A_157G 1.6200000000000003 -1.10 -1.10
2lzm_A_157I 7.379999999999999 -1.79 -1.79
2lzm_A_157L 8.14 -1.63 -1.63
2lzm_A_157N 5.840000000000001 -0.99 -0.99
2lzm_A_157R 5.5 -0.54 -0.54
2lzm_A_103A -12.379999999999999 -1.91 -1.91
2lzm_A_131E -7.020000000000001 0.20 0.20
2lzm_A_131G -5.660000000000002 -0.68 -0.68
2lzm_A_131I 0.1399999999999998 0.16 0.16
2lzm_A_131L -1.0400000000000023 0.09 0.09
2lzm_A_131M -9.420000000000002 0.12 0.12
2lzm_A_131S -7.16 -0.05 -0.05
2lzm_A_131T -3.620000000000001 -0.09 -0.09
2lzm_A_149A -10.900000000000002 -2.87 -2.87
2lzm_A_149C -1.2400000000000038 -2.20 -2.20
2lzm_A_138Y -1.3999999999999986 -2.62 -2.62
2lzm_A_25G -10.079999999999998 -4.55 -4.55
2nvh_A_8A -13.079999999999998 -2.02 -2.02
2nvh_A_8S -17.939999999999994 -3.74 -3.74
2nvh_A_97R 2.040000000000001 -1.80 -1.80
2nvh_A_97V 9.22 1.15 1.15
2nvh_A_10A -11.899999999999995 -3.90 -3.90
2nvh_A_6A -7.959999999999994 -2.13 -2.13
2nvh_A_7D -6.12 0.09 0.09
2nvh_A_7G 0.6799999999999988 -1.91 -1.91
2nvh_A_9G -0.9399999999999973 -2.91 -2.91
2nvh_A_9L 11.72 -1.90 -1.90
2nvh_A_9Q -0.29999999999999594 -2.53 -2.53
2ocj_A_175H 2.4599999999999973 -3.47 -3.47
2ocj_A_248Q 0.03999999999999887 -2.03 -2.03
2ocj_A_249S 0.01999999999999791 -1.81 -1.81
2ocj_A_273H 6.020000000000001 -0.13 -0.13
2rn2_A_125T -1.78 0.04 0.04
2rn2_A_24V 9.42 0.83 0.83
2rn2_A_52C 7.459999999999996 0.80 0.80
2rn2_A_52D -18.34 -1.90 -1.90
2rn2_A_52E -9.64 -1.50 -1.50
2rn2_A_52F 8.720000000000006 -0.50 -0.50
2rn2_A_52G -8.9 -2.70 -2.70
2rn2_A_52H 4.179999999999996 -3.60 -3.60
2rn2_A_52L 14.280000000000003 1.30 1.30
2rn2_A_52M -0.7000000000000008 0.50 0.50
2rn2_A_52Q -7.340000000000002 -1.20 -1.20
2rn2_A_52S -5.900000000000002 -1.80 -1.80
2rn2_A_52T -4.6800000000000015 -0.80 -0.80
2rn2_A_52V 12.600000000000001 1.70 1.70
2rn2_A_52Y 13.6 -2.30 -2.30
2rn2_A_10A 10.240000000000002 3.40 3.40
2rn2_A_10E -0.6000000000000001 1.04 1.04
2rn2_A_10N 13.340000000000003 0.99 0.99
2rn2_A_134A 7.319999999999999 1.42 1.42
2rn2_A_134E 4.02 0.81 0.81
2rn2_A_134H 10.7 1.42 1.42
2rn2_A_134L 10.32 1.38 1.38
2rn2_A_134V 13.9 0.83 0.83
2rn2_A_70A 4.4 0.65 0.65
2rn2_A_70E -1.520000000000001 0.25 0.25
2rn2_A_70N 3.74 0.89 0.89
2rn2_A_94E -0.22000000000000003 -0.40 -0.40
2rn2_A_135K -0.2000000000000004 -0.53 -0.53
2rn2_A_48A 6.599999999999999 -0.23 -0.23
2rn2_A_48D -3.0000000000000004 -0.05 -0.05
2rn2_A_77A 6.699999999999999 -0.90 -0.90
2rn2_A_124A 0.43999999999999995 0.17 0.17
2rn2_A_127A -7.3999999999999995 -0.32 -0.32
2rn2_A_62A -2.1 0.44 0.44
2rn2_A_83A -0.11999999999999933 0.07 0.07
2rn2_A_53F -6.579999999999999 -3.90 -3.90
2rn2_A_53L -1.2599999999999998 -1.40 -1.40
2rn2_A_53V -0.6199999999999981 -0.20 -0.20
2rn2_A_117R -0.5399999999999996 0.00 0.00
2rn2_A_95A 6.3999999999999995 0.10 0.10
2rn2_A_95G 5.66 1.83 1.83
2rn2_A_95N 6.9399999999999995 0.89 0.89
2rn2_A_80L 8.54 0.30 0.30
2rn2_A_41C 3.7599999999999993 0.33 0.33
2rn2_A_68G -3.5200000000000014 -2.17 -2.17
2rn2_A_68L 13.239999999999998 -0.82 -0.82
2rn2_A_68T 1.1799999999999973 -0.01 -0.01
2rn2_A_68V 9.500000000000002 0.70 0.70
2rn2_A_74I 4.039999999999997 0.64 0.64
2trt_A_128E -2.3600000000000008 0.31 0.31
2trx_A_32A -4.72 -3.50 -3.50
2trx_A_26I 25.739999999999995 3.37 3.37
2trx_A_78R -16.9 -2.00 -2.00
2trx_A_66L 7.639999999999999 -1.03 -1.03
2trx_A_77V 13.72 -0.72 -0.72
2ts1_A_52L -1.540000000000003 0.10 0.10
2ts1_A_105V -2.1799999999999957 -3.15 -3.15
3eca_A_122A -0.4399999999999996 0.96 0.96
3eca_A_12A 1.9000000000000001 0.00 0.00
3eca_A_12S -1.1400000000000015 -0.24 -0.24
3gly_A_137A 3.9200000000000035 -0.31 -0.31
3gly_A_251A 7.32 -0.14 -0.14
3gly_A_383A 4.399999999999999 0.11 0.11
3hhr_A_74A 12.880000000000003 -0.95 -0.95
3hhr_A_74D 4.299999999999999 -1.26 -1.26
3hhr_A_74L 20.08 -1.01 -1.01
3hhr_A_74Q 5.280000000000003 -0.71 -0.71
3hhr_A_74S 5.719999999999999 -1.01 -1.01
3hhr_A_71A 10.879999999999999 -1.12 -1.12
3hhr_A_71Q 5.159999999999999 -1.37 -1.37
3hhr_A_71V 14.54 -1.26 -1.26
3mbp_A_55N 4.880000000000001 0.69 0.69
3mbp_A_19C 7.639999999999998 -2.15 -2.15
3mbp_A_345I 7.120000000000003 0.17 0.17
3mbp_A_8G -9.219999999999999 0.38 0.38
3mbp_A_10A -12.239999999999997 -4.31 -4.31
3mbp_A_283D -17.800000000000004 -2.30 -2.30
3pgk_A_194W 3.780000000000003 -1.12 -1.12
3pgk_A_399W 1.4200000000000004 -2.56 -2.56
3pgk_A_308F -0.8799999999999996 -2.46 -2.46
3pgk_A_308Y 3.8 -1.06 -1.06
3pgk_A_333Y -2.8799999999999986 -1.13 -1.13
3pgk_A_122W 1.9199999999999982 -2.19 -2.19
3pgk_A_48W -3.440000000000002 -1.62 -1.62
3sil_A_53L 10.799999999999999 0.90 0.90
3sil_A_69V 11.97999999999999 0.45 0.45
3ssi_A_103A -9.399999999999995 -1.13 -1.13
3ssi_A_103G -12.999999999999993 -3.46 -3.46
3ssi_A_103I -1.1399999999999983 -1.01 -1.01
3ssi_A_103L 5.440000000000002 0.08 0.08
3ssi_A_103V -6.661338147750939e-16 -0.93 -0.93
3ssi_A_73A -5.32 0.21 0.21
3ssi_A_73D -10.540000000000001 0.69 0.69
3ssi_A_73E -8.18 0.37 0.37
3ssi_A_73I -2.8800000000000003 -0.50 -0.50
3ssi_A_73K -7.500000000000001 0.23 0.23
3ssi_A_73L -2.58 -0.16 -0.16
3ssi_A_73V -1.3000000000000007 -0.35 -0.35
3ssi_A_13A -4.020000000000001 -3.42 -3.42
3ssi_A_13F -1.459999999999999 -2.78 -2.78
3ssi_A_13G -10.319999999999999 -4.96 -4.96
3ssi_A_13L 2.4799999999999986 -1.17 -1.17
3ssi_A_13M -8.199999999999998 -2.86 -2.86
4lyz_A_31I 11.000000000000004 1.40 1.40
4lyz_A_31L 13.660000000000004 1.80 1.80
4lyz_A_31V 13.46 1.20 1.20
4lyz_A_94A -5.800000000000001 -4.78 -4.78
4lyz_A_101E -0.5800000000000013 0.00 0.00
4lyz_A_101F 4.6800000000000015 0.72 0.72
4lyz_A_101G 0.1 0.45 0.45
4lyz_A_101N 2.3800000000000003 0.04 0.04
4lyz_A_101Q -0.5200000000000014 -0.08 -0.08
4lyz_A_101R 1.4199999999999984 0.27 0.27
4lyz_A_35A 5.520000000000003 1.24 1.24
4lyz_A_35H 10.66 -2.45 -2.45
4lyz_A_3Y 3.620000000000002 -0.45 -0.45
4lyz_A_102A 2.679999999999998 0.02 0.02
4lyz_A_117A 0.34000000000000075 -1.46 -1.46
4lyz_A_49A -0.24 -1.91 -1.91
4lyz_A_49N 1.5799999999999998 -0.96 -0.96
4lyz_A_67A -0.9599999999999997 -1.19 -1.19
4lyz_A_15L 5.339999999999999 0.76 0.76
4lyz_A_55A -9.760000000000002 -4.40 -4.40
4lyz_A_55L 2.9599999999999955 -0.45 -0.45
4lyz_A_55M -3.120000000000001 -2.27 -2.27
4lyz_A_55T -10.22 -4.12 -4.12
4lyz_A_55V 2.220446049250313e-15 -0.91 -0.91
4lyz_A_58M -3.8800000000000012 -1.18 -1.18
4lyz_A_78M -0.5000000000000042 -0.90 -0.90
4lyz_A_98M -7.459999999999999 -0.90 -0.90
4lyz_A_105T -1.7799999999999991 -0.24 -0.24
4lyz_A_12F 12.34 0.28 0.28
4lyz_A_19K -4.480000000000001 -1.06 -1.06
4lyz_A_46D -5.740000000000001 -0.44 -0.44
4lyz_A_77H 1.6199999999999977 -0.38 -0.38
4lyz_A_121H 6.2 -0.45 -0.45
4lyz_A_114H 3.7000000000000006 0.68 0.68
4lyz_A_21Q 1.6799999999999986 -0.15 -0.15
4lyz_A_68K -2.5599999999999996 -0.04 -0.04
4lyz_A_91A 8.04 -0.15 -0.15
4lyz_A_91D -4.779999999999999 -2.31 -2.31
4lyz_A_91V 15.68 -0.08 -0.08
4lyz_A_91Y 16.24 -3.07 -3.07
4lyz_A_40S -4.579999999999999 -0.27 -0.27
4lyz_A_108Q -9.42 -3.95 -3.95
4lyz_A_108Y 5.460000000000001 -1.92 -1.92
5cro_A_36S -2.839999999999999 0.20 0.20
5cro_A_16L 7.919999999999996 1.40 1.40
5cro_A_26C 0.7200000000000013 1.10 1.10
5cro_A_26D -7.139999999999999 1.35 1.35
5cro_A_26F -3.359999999999999 0.20 0.20
5cro_A_26H -2.12 0.95 0.95
5cro_A_26L 1.440000000000002 0.55 0.55
5cro_A_26V 2.320000000000001 0.45 0.45
5cro_A_26W -2.36 -0.05 -0.05
5dfr_A_152E -13.6 -0.97 -0.97
5dfr_A_85S -6.02 -0.97 -0.97
5dfr_A_122A 1.98 -1.00 -1.00
5dfr_A_27N 10.56 1.21 1.21
5dfr_A_139K 2.58 -1.59 -1.59
5dfr_A_139Q 0.6399999999999988 -0.89 -0.89
5dfr_A_31A -7.7600000000000025 -1.72 -1.72
5dfr_A_31V -1.460000000000003 -1.46 -1.46
5dfr_A_121A 3.2799999999999994 -0.01 -0.01
5dfr_A_121H 3.499999999999999 -0.56 -0.56
5dfr_A_121L 7.1800000000000015 -0.58 -0.58
5dfr_A_121S 2.1999999999999993 -0.08 -0.08
5dfr_A_121V 7.3000000000000025 -0.99 -0.99
5dfr_A_121Y 5.7 -0.51 -0.51
5dfr_A_15A 3.6399999999999997 0.44 0.44
5dfr_A_43A 6.719999999999999 -0.48 -0.48
5dfr_A_67A 0.6999999999999996 -0.05 -0.05
5dfr_A_67C 0.8999999999999999 -0.51 -0.51
5dfr_A_67L 1.7 -0.51 -0.51
5dfr_A_67T -0.020000000000000462 -0.62 -0.62
5dfr_A_67V 3.3999999999999995 -0.70 -0.70
5dfr_A_155A -10.940000000000001 -2.99 -2.99
5dfr_A_155K -18.18 -2.69 -2.69
5dfr_A_155L -1.9200000000000017 -1.63 -1.63
5dfr_A_155Q -20.400000000000002 -3.01 -3.01
5dfr_A_155R -13.56 -2.65 -2.65
5dfr_A_155S -17.5 -3.09 -3.09
5dfr_A_155T -14.220000000000002 -2.53 -2.53
5dfr_A_155V -1.2400000000000018 -0.03 -0.03
5dfr_A_155Y -7.1400000000000015 -2.85 -2.85
5dfr_A_61L 3.24 -0.36 -0.36
5dfr_A_61V 4.019999999999998 -0.83 -0.83
5dfr_A_91L 2.42 -1.50 -1.50
5dfr_A_91V 6.999999999999999 -1.34 -1.34
5dfr_A_94L 4.48 -0.63 -0.63
5dfr_A_94V 1.2800000000000038 -0.67 -0.67
5dfr_A_112I -1.639999999999998 -0.25 -0.25
5dfr_A_112V -5.460000000000003 -1.39 -1.39
5dfr_A_24V 0.2599999999999998 -1.29 -1.29
5dfr_A_59C 10.799999999999997 0.24 0.24
5dfr_A_59G -1.0999999999999974 -2.01 -2.01
5dfr_A_59I 12.06 0.13 0.13
5dfr_A_59K -5.379999999999998 -1.55 -1.55
5dfr_A_59L 11.639999999999999 0.01 0.01
5dfr_A_59M 7.119999999999999 -0.14 -0.14
5dfr_A_59Q 1.3000000000000005 -0.35 -0.35
5dfr_A_59T 0.2199999999999993 -0.05 -0.05
5dfr_A_59W 17.44 -0.79 -0.79
5dfr_A_148A 2.3 -0.42 -0.42
5dfr_A_148K -1.3599999999999994 -0.38 -0.38
5dfr_A_148R -2.1399999999999997 -0.66 -0.66
5dfr_A_148V 6.52 -0.35 -0.35
5dfr_A_35A -0.41999999999999893 -1.10 -1.10
5dfr_A_40A -9.399999999999999 -1.59 -1.59
5dfr_A_40H -8.479999999999999 -2.76 -2.76
5dfr_A_40I -5.02 -0.50 -0.50
5dfr_A_40L -1.0999999999999999 -0.78 -0.78
5dfr_A_40M -11.38 -1.27 -1.27
5dfr_A_40N -15.600000000000001 -1.82 -1.82
5dfr_A_40R -12.02 -1.38 -1.38
5dfr_A_40S -14.259999999999996 -2.04 -2.04
5dfr_A_75A -6.460000000000001 -0.05 -0.05
5dfr_A_75I 2.3400000000000007 -1.65 -1.65
5dfr_A_75R -9.299999999999999 -2.00 -2.00
5dfr_A_75S -10.340000000000002 -0.80 -0.80
5dfr_A_75Y -3.3400000000000016 -1.80 -1.80
5dfr_A_88I -4.340000000000001 -0.49 -0.49
5dfr_A_22L -5.460000000000003 -0.31 -0.31
5dfr_A_30A -14.46 -2.03 -2.03
5dfr_A_30E -18.519999999999996 -2.42 -2.42
5dfr_A_30H -10.36 -2.44 -2.44
5dfr_A_30R -16.32 -2.09 -2.09
5dfr_A_30Y -5.699999999999999 -1.79 -1.79
5dfr_A_74F 1.3199999999999976 -1.20 -1.20
5pti_A_16T -7.519999999999999 -1.70 -1.70
5pti_A_16V 0.6200000000000002 -1.30 -1.30
5pti_A_22A -13.959999999999999 -1.11 -1.11
5pti_A_33I -5.499999999999999 -2.40 -2.40
5pti_A_33L -5.160000000000001 -2.70 -2.70
5pti_A_4L -9.940000000000007 -2.20 -2.20
5pti_A_12D -9.840000000000002 -4.30 -4.30
5pti_A_12V 3.18 -4.10 -4.10
5pti_A_36D -10.380000000000004 -2.80 -2.80
5pti_A_36S -7.480000000000003 -0.70 -0.70
5pti_A_37A -2.6 -3.01 -3.01
5pti_A_37D -8.679999999999998 -1.70 -1.70
5pti_A_44G -10.839999999999998 -4.70 -4.70
5pti_A_10L -9.839999999999998 -2.90 -2.90
5pti_A_21A -14.240000000000004 -3.90 -3.90
5pti_A_35A -10.42 -4.70 -4.70
5pti_A_35D -17.5 -3.80 -3.80
5pti_A_35F -5.86 -0.60 -0.60
5pti_A_35G -15.46 -5.00 -5.00
5pti_A_35N -11.520000000000001 -3.70 -3.70
